  -1.2590606e+01
  -9.2597059e+00
  -5.0456846e+00
   9.4806692e-02
   6.1928938e+00
   1.3265937e+01
   2.1316218e+01
   3.0329928e+01
   4.0276497e+01
   5.1108337e+01
   6.2761033e+01
   7.5154017e+01
   8.8191740e+01
   1.0176535e+02
   1.1575482e+02
   1.3003155e+02
   1.4446122e+02
   1.5890693e+02
   1.7323235e+02
   1.8730487e+02
   2.0099848e+02
   2.1419631e+02
   2.2679282e+02
   2.3869543e+02
   2.4982574e+02
   2.6012013e+02
   2.6952994e+02
   2.7802108e+02
   2.8557323e+02
   2.9217867e+02
   2.9784072e+02
   3.0257196e+02
   3.0639222e+02
   3.0932647e+02
   3.1140270e+02
   3.1264979e+02
   3.1309548e+02
   3.1276460e+02
   3.1167735e+02
   3.0984809e+02
   3.0728426e+02
   3.0398580e+02
   2.9994484e+02
   2.9514590e+02
   2.8956635e+02
   2.8317740e+02
   2.7594530e+02
   2.6783297e+02
   2.5880181e+02
   2.4881385e+02
   2.3783396e+02
   2.2583221e+02
   2.1278630e+02
   1.9868386e+02
   1.8352466e+02
   1.6732266e+02
   1.5010766e+02
   1.3192666e+02
   1.1284480e+02
   9.2945742e+01
   7.2331517e+01
   5.1121797e+01
   2.9452521e+01
   7.4739102e+00
  -1.4652120e+01
  -3.6755077e+01
  -5.8659454e+01
  -8.0188579e+01
  -1.0116861e+02
  -1.2143247e+02
  -1.4082358e+02
  -1.5919924e+02
  -1.7643356e+02
  -1.9241987e+02
  -2.0707257e+02
  -2.2032838e+02
  -2.3214711e+02
  -2.4251177e+02
  -2.5142825e+02
  -2.5892458e+02
  -2.6504966e+02
  -2.6987179e+02
  -2.7347680e+02
  -2.7596603e+02
  -2.7745405e+02
  -2.7806641e+02
  -2.7793709e+02
  -2.7720616e+02
  -2.7601720e+02
  -2.7451487e+02
  -2.7284252e+02
  -2.7113975e+02
  -2.6954020e+02
  -2.6816934e+02
  -2.6714232e+02
  -2.6656206e+02
  -2.6651733e+02
  -2.6708098e+02
  -2.6830836e+02
  -2.7023578e+02
  -2.7287921e+02
  -2.7623318e+02
  -2.8026983e+02
  -2.8493830e+02
  -2.9016439e+02
  -2.9585064e+02
  -3.0187672e+02
  -3.0810036e+02
  -3.1435880e+02
  -3.2047066e+02
  -3.2623848e+02
  -3.3145174e+02
  -3.3589048e+02
  -3.3932936e+02
  -3.4154223e+02
  -3.4230709e+02
  -3.4141130e+02
  -3.3865696e+02
  -3.3386642e+02
  -3.2688753e+02
  -3.1759880e+02
  -3.0591390e+02
  -2.9178574e+02
  -2.7520959e+02
  -2.5622531e+02
  -2.3491840e+02
  -2.1141988e+02
  -1.8590480e+02
  -1.5858939e+02
  -1.2972693e+02
  -9.9602233e+01
  -6.8525139e+01
  -3.6822952e+01
  -4.8322834e+00
   2.7109439e+01
   5.8672411e+01
   8.9542468e+01
   1.1942836e+02
   1.4806802e+02
   1.7523366e+02
   2.0073556e+02
   2.2442454e+02
   2.4619313e+02
   2.6597540e+02
   2.8374572e+02
   2.9951641e+02
   3.1333457e+02
   3.2527813e+02
   3.3545134e+02
   3.4397990e+02
   3.5100584e+02
   3.5668227e+02
   3.6116833e+02
   3.6462418e+02
   3.6720644e+02
   3.6906402e+02
   3.7033441e+02
   3.7114059e+02
   3.7158850e+02
   3.7176518e+02
   3.7173751e+02
   3.7155150e+02
   3.7123222e+02
   3.7078420e+02
   3.7019225e+02
   3.6942270e+02
   3.6842498e+02
   3.6713341e+02
   3.6546928e+02
   3.6334306e+02
   3.6065680e+02
   3.5730657e+02
   3.5318509e+02
   3.4818435e+02
   3.4219825e+02
   3.3512531e+02
   3.2687131e+02
   3.1735191e+02
   3.0649515e+02
   2.9424381e+02
   2.8055762e+02
   2.6541519e+02
   2.4881571e+02
   2.3078029e+02
   2.1135301e+02
   1.9060154e+02
   1.6861728e+02
   1.4551509e+02
   1.2143245e+02
   9.6528054e+01
   7.0979780e+01
   4.4982094e+01
   1.8742813e+01
  -7.5206820e+00
  -3.3585715e+01
  -5.9228961e+01
  -8.4231298e+01
  -1.0838268e+02
  -1.3148680e+02
  -1.5336545e+02
  -1.7386224e+02
  -1.9284581e+02
  -2.1021222e+02
  -2.2588673e+02
  -2.3982468e+02
  -2.5201180e+02
  -2.6246369e+02
  -2.7122474e+02
  -2.7836643e+02
  -2.8398514e+02
  -2.8819952e+02
  -2.9114751e+02
  -2.9298309e+02
  -2.9387283e+02
  -2.9399229e+02
  -2.9352232e+02
  -2.9264540e+02
  -2.9154196e+02
  -2.9038682e+02
  -2.8934575e+02
  -2.8857225e+02
  -2.8820446e+02
  -2.8836237e+02
  -2.8914529e+02
  -2.9062959e+02
  -2.9286678e+02
  -2.9588191e+02
  -2.9967238e+02
  -3.0420715e+02
  -3.0942641e+02
  -3.1524169e+02
  -3.2153654e+02
  -3.2816771e+02
  -3.3496686e+02
  -3.4174290e+02
  -3.4828491e+02
  -3.5436556e+02
  -3.5974518e+02
  -3.6417631e+02
  -3.6740875e+02
  -3.6919496e+02
  -3.6929579e+02
  -3.6748642e+02
  -3.6356222e+02
  -3.5734462e+02
  -3.4868654e+02
  -3.3747747e+02
  -3.2364777e+02
  -3.0717216e+02
  -2.8807231e+02
  -2.6641816e+02
  -2.4232811e+02
  -2.1596787e+02
  -1.8754797e+02
  -1.5731988e+02
  -1.2557098e+02
  -9.2618174e+01
  -5.8800616e+01
  -2.4471612e+01
   1.0009972e+01
   4.4288432e+01
   7.8019716e+01
   1.1087934e+02
   1.4256943e+02
   1.7282466e+02
   2.0141702e+02
   2.2815917e+02
   2.5290658e+02
   2.7555828e+02
   2.9605638e+02
   3.1438449e+02
   3.3056502e+02
   3.4465570e+02
   3.5674528e+02
   3.6694875e+02
   3.7540219e+02
   3.8225735e+02
   3.8767622e+02
   3.9182575e+02
   3.9487271e+02
   3.9697905e+02
   3.9829766e+02
   3.9896869e+02
   3.9911660e+02
   3.9884773e+02
   3.9824871e+02
   3.9738543e+02
   3.9630265e+02
   3.9502428e+02
   3.9355405e+02
   3.9187668e+02
   3.8995934e+02
   3.8775343e+02
   3.8519656e+02
   3.8221465e+02
   3.7872418e+02
   3.7463452e+02
   3.6985024e+02
   3.6427362e+02
   3.5780697e+02
   3.5035511e+02
   3.4182778e+02
   3.3214195e+02
   3.2122417e+02
   3.0901270e+02
   2.9545961e+02
   2.8053270e+02
   2.6421724e+02
   2.4651753e+02
   2.2745820e+02
   2.0708523e+02
   1.8546669e+02
   1.6269306e+02
   1.3887706e+02
   1.1415309e+02
   8.8676000e+01
   6.2619345e+01
   3.6172975e+01
   9.5400045e+00
  -1.7066811e+01
  -4.3429217e+01
  -6.9328012e+01
  -9.4547824e+01
  -1.1888194e+02
  -1.4213696e+02
  -1.6413711e+02
  -1.8472802e+02
  -2.0377990e+02
  -2.2119004e+02
  -2.3688453e+02
  -2.5081927e+02
  -2.6298029e+02
  -2.7338331e+02
  -2.8207273e+02
  -2.8911999e+02
  -2.9462147e+02
  -2.9869593e+02
  -3.0148161e+02
  -3.0313300e+02
  -3.0381742e+02
  -3.0371145e+02
  -3.0299728e+02
  -3.0185894e+02
  -3.0047871e+02
  -2.9903342e+02
  -2.9769104e+02
  -2.9660731e+02
  -2.9592264e+02
  -2.9575922e+02
  -2.9621834e+02
  -2.9737815e+02
  -2.9929153e+02
  -3.0198449e+02
  -3.0545484e+02
  -3.0967129e+02
  -3.1457307e+02
  -3.2006997e+02
  -3.2604297e+02
  -3.3234546e+02
  -3.3880502e+02
  -3.4522587e+02
  -3.5139189e+02
  -3.5707030e+02
  -3.6201592e+02
  -3.6597591e+02
  -3.6869507e+02
  -3.6992149e+02
  -3.6941255e+02
  -3.6694103e+02
  -3.6230132e+02
  -3.5531542e+02
  -3.4583864e+02
  -3.3376480e+02
  -3.1903071e+02
  -3.0161972e+02
  -2.8156426e+02
  -2.5894709e+02
  -2.3390131e+02
  -2.0660888e+02
  -1.7729776e+02
  -1.4623757e+02
  -1.1373392e+02
  -8.0121467e+01
  -4.5755960e+01
  -1.1005479e+01
   2.3758755e+01
   5.8171609e+01
   9.1882939e+01
   1.2456577e+02
   1.5592347e+02
   1.8569571e+02
   2.1366311e+02
   2.3965034e+02
   2.6352798e+02
   2.8521282e+02
   3.0466695e+02
   3.2189567e+02
   3.3694422e+02
   3.4989374e+02
   3.6085640e+02
   3.6996994e+02
   3.7739188e+02
   3.8329349e+02
   3.8785380e+02
   3.9125374e+02
   3.9367069e+02
   3.9527344e+02
   3.9621781e+02
   3.9664293e+02
   3.9666835e+02
   3.9639188e+02
   3.9588828e+02
   3.9520870e+02
   3.9438097e+02
   3.9341040e+02
   3.9228129e+02
   3.9095879e+02
   3.8939120e+02
   3.8751238e+02
   3.8524440e+02
   3.8250020e+02
   3.7918622e+02
   3.7520504e+02
   3.7045787e+02
   3.6484705e+02
   3.5827834e+02
   3.5066312e+02
   3.4192045e+02
   3.3197900e+02
   3.2077879e+02
   3.0827280e+02
   2.9442837e+02
   2.7922856e+02
   2.6267318e+02
   2.4477982e+02
   2.2558453e+02
   2.0514246e+02
   1.8352803e+02
   1.6083497e+02
   1.3717590e+02
   1.1268144e+02
   8.7498964e+01
   6.1790683e+01
   3.5731307e+01
   9.5051014e+00
  -1.6697528e+01
  -4.2683887e+01
  -6.8263133e+01
  -9.3250560e+01
  -1.1747181e+02
  -1.4076678e+02
  -1.6299311e+02
  -1.8402902e+02
  -2.0377538e+02
  -2.2215706e+02
  -2.3912344e+02
  -2.5464808e+02
  -2.6872771e+02
  -2.8138050e+02
  -2.9264376e+02
  -3.0257116e+02
  -3.1122955e+02
  -3.1869557e+02
  -3.2505212e+02
  -3.3038473e+02
  -3.3477812e+02
  -3.3831287e+02
  -3.4106242e+02
  -3.4309048e+02
  -3.4444882e+02
  -3.4517566e+02
  -3.4529454e+02
  -3.4481376e+02
  -3.4372645e+02
  -3.4201113e+02
  -3.3963284e+02
  -3.3654478e+02
  -3.3269042e+02
  -3.2800604e+02
  -3.2242369e+02
  -3.1587440e+02
  -3.0829170e+02
  -2.9961529e+02
  -2.8979480e+02
  -2.7879344e+02
  -2.6659151e+02
  -2.5318962e+02
  -2.3861140e+02
  -2.2290569e+02
  -2.0614802e+02
  -1.8844121e+02
  -1.6991509e+02
  -1.5072517e+02
  -1.3105023e+02
  -1.1108871e+02
  -9.1054076e+01
  -7.1169025e+01
  -5.1658823e+01
  -3.2743905e+01
  -1.4632065e+01
   2.4893918e+00
   1.8461095e+01
   3.3158217e+01
   4.6495852e+01
   5.8432865e+01
   6.8973996e+01
   7.8170153e+01
   8.6116874e+01
   9.2951093e+01
   9.8846352e+01
   1.0400668e+02
   1.0865937e+02
   1.1304695e+02
   1.1741851e+02
   1.2202080e+02
   1.2708930e+02
   1.3283962e+02
   1.3945940e+02
   1.4710128e+02
   1.5587692e+02
   1.6585246e+02
   1.7704567e+02
   1.8942474e+02
   2.0290889e+02
   2.1737072e+02
   2.3264012e+02
   2.4850951e+02
   2.6474019e+02
   2.8106924e+02
   2.9721695e+02
   3.1289418e+02
   3.2780952e+02
   3.4167612e+02
   3.5421779e+02
   3.6517451e+02
   3.7430711e+02
   3.8140114e+02
   3.8626998e+02
   3.8875721e+02
   3.8873824e+02
   3.8612145e+02
   3.8084869e+02
   3.7289541e+02
   3.6227035e+02
   3.4901493e+02
   3.3320239e+02
   3.1493660e+02
   2.9435073e+02
   2.7160572e+02
   2.4688844e+02
   2.2040969e+02
   1.9240195e+02
   1.6311673e+02
   1.3282165e+02
   1.0179708e+02
   7.0332380e+01
   3.8721719e+01
   7.2595199e+00
  -2.3764413e+01
  -5.4069955e+01
  -8.3391754e+01
  -1.1148417e+02
  -1.3812582e+02
  -1.6312362e+02
  -1.8631607e+02
  -2.0757577e+02
  -2.2681107e+02
  -2.4396691e+02
  -2.5902472e+02
  -2.7200165e+02
  -2.8294895e+02
  -2.9194984e+02
  -2.9911668e+02
  -3.0458780e+02
  -3.0852378e+02
  -3.1110361e+02
  -3.1252042e+02
  -3.1297725e+02
  -3.1268269e+02
  -3.1184655e+02
  -3.1067560e+02
  -3.0936958e+02
  -3.0811724e+02
  -3.0709281e+02
  -3.0645271e+02
  -3.0633256e+02
  -3.0684466e+02
  -3.0807582e+02
  -3.1008569e+02
  -3.1290552e+02
  -3.1653735e+02
  -3.2095376e+02
  -3.2609797e+02
  -3.3188454e+02
  -3.3820044e+02
  -3.4490664e+02
  -3.5184016e+02
  -3.5881666e+02
  -3.6563343e+02
  -3.7207291e+02
  -3.7790666e+02
  -3.8289964e+02
  -3.8681492e+02
  -3.8941856e+02
  -3.9048465e+02
  -3.8980039e+02
  -3.8717109e+02
  -3.8242499e+02
  -3.7541775e+02
  -3.6603654e+02
  -3.5420362e+02
  -3.3987928e+02
  -3.2306412e+02
  -3.0380049e+02
  -2.8217309e+02
  -2.5830872e+02
  -2.3237496e+02
  -2.0457795e+02
  -1.7515905e+02
  -1.4439055e+02
  -1.1257045e+02
  -8.0016331e+01
  -4.7058494e+01
  -1.4032587e+01
   1.8728091e+01
   5.0900325e+01
   8.2178437e+01
   1.1228118e+02
   1.4095778e+02
   1.6799294e+02
   1.9321069e+02
   2.1647695e+02
   2.3770085e+02
   2.5683483e+02
   2.7387350e+02
   2.8885151e+02
   3.0184035e+02
   3.1294449e+02
   3.2229666e+02
   3.3005283e+02
   3.3638675e+02
   3.4148433e+02
   3.4553812e+02
   3.4874181e+02
   3.5128508e+02
   3.5334889e+02
   3.5510112e+02
   3.5669291e+02
   3.5825555e+02
   3.5989807e+02
   3.6170544e+02
   3.6373746e+02
   3.6602826e+02
   3.6858642e+02
   3.7139555e+02
   3.7441541e+02
   3.7758346e+02
   3.8081678e+02
   3.8401435e+02
   3.8705961e+02
   3.8982320e+02
   3.9216595e+02
   3.9394186e+02
   3.9500125e+02
   3.9519378e+02
   3.9437154e+02
   3.9239196e+02
   3.8912067e+02
   3.8443422e+02
   3.7822255e+02
   3.7039146e+02
   3.6086470e+02
   3.4958596e+02
   3.3652059e+02
   3.2165706e+02
   3.0500809e+02
   2.8661153e+02
   2.6653083e+02
   2.4485510e+02
   2.2169884e+02
   1.9720108e+02
   1.7152413e+02
   1.4485168e+02
   1.1738646e+02
   8.9347228e+01
   6.0965194e+01
   3.2479945e+01
   4.1348280e+00
  -2.3828035e+01
  -5.1172986e+01
  -7.7676120e+01
  -1.0313041e+02
  -1.2735044e+02
  -1.5017651e+02
  -1.7147799e+02
  -1.9115578e+02
  -2.0914381e+02
  -2.2540959e+02
  -2.3995375e+02
  -2.5280877e+02
  -2.6403679e+02
  -2.7372676e+02
  -2.8199093e+02
  -2.8896087e+02
  -2.9478312e+02
  -2.9961459e+02
  -3.0361786e+02
  -3.0695640e+02
  -3.0979002e+02
  -3.1227041e+02
  -3.1453702e+02
  -3.1671338e+02
  -3.1890375e+02
  -3.2119044e+02
  -3.2363159e+02
  -3.2625960e+02
  -3.2908019e+02
  -3.3207211e+02
  -3.3518757e+02
  -3.3835324e+02
  -3.4147206e+02
  -3.4442561e+02
  -3.4707713e+02
  -3.4927518e+02
  -3.5085779e+02
  -3.5165707e+02
  -3.5150425e+02
  -3.5023496e+02
  -3.4769477e+02
  -3.4374474e+02
  -3.3826693e+02
  -3.3116971e+02
  -3.2239261e+02
  -3.1191077e+02
  -2.9973846e+02
  -2.8593180e+02
  -2.7059031e+02
  -2.5385720e+02
  -2.3591820e+02
  -2.1699887e+02
  -1.9736035e+02
  -1.7729340e+02
  -1.5711095e+02
  -1.3713905e+02
  -1.1770664e+02
  -9.9134161e+01
  -8.1721499e+01
