   9.0372327e-02
   8.1474758e-02
   6.8763816e-02
   5.1976440e-02
   3.0904461e-02
   5.4045288e-03
  -2.4592618e-02
  -5.9073909e-02
  -9.7937045e-02
  -1.4098529e-01
  -1.8792431e-01
  -2.3836133e-01
  -2.9180689e-01
  -3.4767946e-01
  -4.0531295e-01
  -4.6396732e-01
  -5.2284208e-01
  -5.8109258e-01
  -6.3784871e-01
  -6.9223555e-01
  -7.4339512e-01
  -7.9050849e-01
  -8.3281687e-01
  -8.6964061e-01
  -9.0039464e-01
  -9.2459997e-01
  -9.4189126e-01
  -9.5202085e-01
  -9.5485919e-01
  -9.5039137e-01
  -9.3870941e-01
  -9.2000081e-01
  -8.9453450e-01
  -8.6264511e-01
  -8.2471642e-01
  -7.8116446e-01
  -7.3242054e-01
  -6.7891441e-01
  -6.2105807e-01
  -5.5923094e-01
  -4.9376734e-01
  -4.2494679e-01
  -3.5298759e-01
  -2.7804398e-01
  -2.0020682e-01
  -1.1950773e-01
  -3.5926395e-02
   5.0599323e-02
   1.4016086e-01
   2.3286454e-01
   3.2881571e-01
   4.2810199e-01
   5.3077591e-01
   6.3683742e-01
   7.4621649e-01
   8.5875625e-01
   9.7419753e-01
   1.0921660e+00
   1.2121629e+00
   1.3335607e+00
   1.4556036e+00
   1.5774142e+00
   1.6980043e+00
   1.8162914e+00
   1.9311180e+00
   2.0412750e+00
   2.1455267e+00
   2.2426406e+00
   2.3314174e+00
   2.4107217e+00
   2.4795110e+00
   2.5368602e+00
   2.5819811e+00
   2.6142368e+00
   2.6331487e+00
   2.6383995e+00
   2.6298307e+00
   2.6074387e+00
   2.5713680e+00
   2.5219031e+00
   2.4594593e+00
   2.3845718e+00
   2.2978854e+00
   2.2001427e+00
   2.0921713e+00
   1.9748696e+00
   1.8491914e+00
   1.7161296e+00
   1.5767009e+00
   1.4319314e+00
   1.2828437e+00
   1.1304453e+00
   9.7571820e-01
   8.1960945e-01
   6.6302297e-01
   5.0681163e-01
   3.5177021e-01
   1.9862882e-01
   4.8046255e-02
  -9.9397390e-02
  -2.4320929e-01
  -3.8299300e-01
  -5.1845666e-01
  -6.4941905e-01
  -7.7581252e-01
  -8.9768327e-01
  -1.0151892e+00
  -1.1285961e+00
  -1.2382707e+00
  -1.3446728e+00
  -1.4483429e+00
  -1.5498884e+00
  -1.6499661e+00
  -1.7492621e+00
  -1.8484697e+00
  -1.9482666e+00
  -2.0492920e+00
  -2.1521245e+00
  -2.2572599e+00
  -2.3650892e+00
  -2.4758763e+00
  -2.5897364e+00
  -2.7066188e+00
  -2.8262926e+00
  -2.9483387e+00
  -3.0721464e+00
  -3.1969138e+00
  -3.3216542e+00
  -3.4452073e+00
  -3.5662576e+00
  -3.6833586e+00
  -3.7949632e+00
  -3.8994579e+00
  -3.9952008e+00
  -4.0805615e+00
  -4.1539607e+00
  -4.2139099e+00
  -4.2590487e+00
  -4.2881778e+00
  -4.3002870e+00
  -4.2945751e+00
  -4.2704626e+00
  -4.2275955e+00
  -4.1658434e+00
  -4.0852898e+00
  -3.9862176e+00
  -3.8690916e+00
  -3.7345383e+00
  -3.5833249e+00
  -3.4163383e+00
  -3.2345630e+00
  -3.0390611e+00
  -2.8309522e+00
  -2.6113946e+00
  -2.3815672e+00
  -2.1426523e+00
  -1.8958190e+00
  -1.6422089e+00
  -1.3829238e+00
  -1.1190137e+00
  -8.5146854e-01
  -5.8120974e-01
  -3.0908582e-01
  -3.5869743e-02
   2.3774153e-01
   5.1112602e-01
   7.8373417e-01
   1.0550847e+00
   1.3247583e+00
   1.5923899e+00
   1.8576584e+00
   2.1202763e+00
   2.3799795e+00
   2.6365166e+00
   2.8896399e+00
   3.1390974e+00
   3.3846263e+00
   3.6259482e+00
   3.8627637e+00
   4.0947476e+00
   4.3215417e+00
   4.5427476e+00
   4.7579190e+00
   4.9665540e+00
   5.1680887e+00
   5.3618916e+00
   5.5472596e+00
   5.7234143e+00
   5.8895005e+00
   6.0445862e+00
   6.1876651e+00
   6.3176633e+00
   6.4334507e+00
   6.5338569e+00
   6.6176906e+00
   6.6837609e+00
   6.7309000e+00
   6.7579859e+00
   6.7639678e+00
   6.7478920e+00
   6.7089294e+00
   6.6464024e+00
   6.5598088e+00
   6.4488403e+00
   6.3133957e+00
   6.1535864e+00
   5.9697372e+00
   5.7623826e+00
   5.5322592e+00
   5.2802949e+00
   5.0075949e+00
   4.7154261e+00
   4.4052000e+00
   4.0784545e+00
   3.7368349e+00
   3.3820715e+00
   3.0159573e+00
   2.6403231e+00
   2.2570144e+00
   1.8678678e+00
   1.4746889e+00
   1.0792319e+00
   6.8318089e-01
   2.8813436e-01
  -1.0440860e-01
  -4.9305980e-01
  -8.7655215e-01
  -1.2537484e+00
  -1.6236479e+00
  -1.9853921e+00
  -2.3382674e+00
  -2.6817064e+00
  -3.0152867e+00
  -3.3387280e+00
  -3.6518863e+00
  -3.9547471e+00
  -4.2474153e+00
  -4.5301025e+00
  -4.8031116e+00
  -5.0668164e+00
  -5.3216415e+00
  -5.5680383e+00
  -5.8064599e+00
  -6.0373351e+00
  -6.2610407e+00
  -6.4778741e+00
  -6.6880277e+00
  -6.8915636e+00
  -7.0883906e+00
  -7.2782436e+00
  -7.4606643e+00
  -7.6349874e+00
  -7.8003311e+00
  -7.9555979e+00
  -8.0994824e+00
  -8.2304903e+00
  -8.3469656e+00
  -8.4471268e+00
  -8.5291120e+00
  -8.5910289e+00
  -8.6310091e+00
  -8.6472611e+00
  -8.6381213e+00
  -8.6021002e+00
  -8.5379223e+00
  -8.4445596e+00
  -8.3212571e+00
  -8.1675501e+00
  -7.9832731e+00
  -7.7685605e+00
  -7.5238396e+00
  -7.2498180e+00
  -6.9474652e+00
  -6.6179905e+00
  -6.2628163e+00
  -5.8835498e+00
  -5.4819526e+00
  -5.0599102e+00
  -4.6194015e+00
  -4.1624671e+00
  -3.6911779e+00
  -3.2076043e+00
  -2.7137880e+00
  -2.2117189e+00
  -1.7033174e+00
  -1.1904212e+00
  -6.7477746e-01
  -1.5803704e-01
   3.5825010e-01
   8.7263814e-01
   1.3837881e+00
   1.8904694e+00
   2.3915591e+00
   2.8860397e+00
   3.3729941e+00
   3.8515988e+00
   4.3211157e+00
   4.7808825e+00
   5.2303016e+00
   5.6688284e+00
   6.0959581e+00
   6.5112126e+00
   6.9141278e+00
   7.3042410e+00
   7.6810795e+00
   8.0441498e+00
   8.3929256e+00
   8.7268368e+00
   9.0452575e+00
   9.3474944e+00
   9.6327775e+00
   9.9002525e+00
   1.0148977e+01
   1.0377919e+01
   1.0585965e+01
   1.0771922e+01
   1.0934538e+01
   1.1072513e+01
   1.1184521e+01
   1.1269233e+01
   1.1325338e+01
   1.1351572e+01
   1.1346743e+01
   1.1309758e+01
   1.1239653e+01
   1.1135614e+01
   1.0997003e+01
   1.0823381e+01
   1.0614521e+01
   1.0370430e+01
   1.0091352e+01
   9.7777797e+00
   9.4304529e+00
   9.0503548e+00
   8.6387029e+00
   8.1969381e+00
   7.7267092e+00
   7.2298562e+00
   6.7083898e+00
   6.1644687e+00
   5.6003750e+00
   5.0184874e+00
   4.4212558e+00
   3.8111746e+00
   3.1907577e+00
   2.5625142e+00
   1.9289255e+00
   1.2924241e+00
   6.5537314e-01
   2.0046528e-02
  -6.1138923e-01
  -1.2368918e+00
  -1.8545568e+00
  -2.4626288e+00
  -3.0595100e+00
  -3.6437675e+00
  -4.2141390e+00
  -4.7695365e+00
  -5.3090496e+00
  -5.8319439e+00
  -6.3376564e+00
  -6.8257861e+00
  -7.2960804e+00
  -7.7484182e+00
  -8.1827922e+00
  -8.5992889e+00
  -8.9980689e+00
  -9.3793447e+00
  -9.7433570e+00
  -1.0090348e+01
  -1.0420535e+01
  -1.0734077e+01
  -1.1031047e+01
  -1.1311398e+01
  -1.1574940e+01
  -1.1821307e+01
  -1.2049946e+01
  -1.2260097e+01
  -1.2450791e+01
  -1.2620853e+01
  -1.2768919e+01
  -1.2893451e+01
  -1.2992778e+01
  -1.3065128e+01
  -1.3108676e+01
  -1.3121585e+01
  -1.3102054e+01
  -1.3048362e+01
  -1.2958918e+01
  -1.2832304e+01
  -1.2667313e+01
  -1.2462996e+01
  -1.2218685e+01
  -1.1934026e+01
  -1.1608990e+01
  -1.1243889e+01
  -1.0839368e+01
  -1.0396402e+01
  -9.9162794e+00
  -9.4005820e+00
  -8.8511599e+00
  -8.2701046e+00
  -7.6597184e+00
  -7.0224804e+00
  -6.3610111e+00
  -5.6780359e+00
  -4.9763497e+00
  -4.2587820e+00
  -3.5281649e+00
  -2.7873042e+00
  -2.0389527e+00
  -1.2857869e+00
  -5.3038693e-01
   2.2478050e-01
   9.7737517e-01
   1.7251927e+00
   2.4661700e+00
   3.1983865e+00
   3.9200629e+00
   4.6295580e+00
   5.3253647e+00
   6.0061065e+00
   6.6705335e+00
   7.3175174e+00
   7.9460453e+00
   8.5552129e+00
   9.1442175e+00
   9.7123503e+00
   1.0258987e+01
   1.0783575e+01
   1.1285614e+01
   1.1764643e+01
   1.2220208e+01
   1.2651851e+01
   1.3059081e+01
   1.3441359e+01
   1.3798078e+01
   1.4128549e+01
   1.4431986e+01
   1.4707502e+01
   1.4954105e+01
   1.5170707e+01
   1.5356123e+01
   1.5509095e+01
   1.5628302e+01
   1.5712390e+01
   1.5759995e+01
   1.5769777e+01
   1.5740450e+01
   1.5670813e+01
   1.5559778e+01
   1.5406398e+01
   1.5209891e+01
   1.4969670e+01
   1.4685367e+01
   1.4356852e+01
   1.3984256e+01
   1.3567981e+01
   1.3108711e+01
   1.2607403e+01
   1.2065287e+01
   1.1483851e+01
   1.0864820e+01
   1.0210137e+01
   9.5219406e+00
   8.8025420e+00
   8.0544015e+00
   7.2801064e+00
   6.4823476e+00
   5.6638941e+00
   4.8275664e+00
   3.9762094e+00
   3.1126674e+00
   2.2397612e+00
   1.3602686e+00
   4.7690813e-01
  -4.0767448e-01
  -1.2909160e+00
  -2.1703423e+00
  -3.0435720e+00
  -3.9083192e+00
  -4.7623959e+00
  -5.6037121e+00
  -6.4302767e+00
  -7.2401939e+00
  -8.0316586e+00
  -8.8029478e+00
  -9.5524106e+00
  -1.0278455e+01
  -1.0979538e+01
  -1.1654150e+01
  -1.2300809e+01
  -1.2918052e+01
  -1.3504428e+01
  -1.4058497e+01
  -1.4578828e+01
  -1.5064013e+01
  -1.5512672e+01
  -1.5923473e+01
  -1.6295156e+01
  -1.6626557e+01
  -1.6916629e+01
  -1.7164475e+01
  -1.7369360e+01
  -1.7530728e+01
  -1.7648206e+01
  -1.7721614e+01
  -1.7750955e+01
  -1.7736415e+01
  -1.7678353e+01
  -1.7577284e+01
  -1.7433861e+01
  -1.7248851e+01
  -1.7023112e+01
  -1.6757563e+01
  -1.6453163e+01
  -1.6110887e+01
  -1.5731705e+01
  -1.5316564e+01
  -1.4866374e+01
  -1.4382002e+01
  -1.3864269e+01
  -1.3313951e+01
  -1.2731783e+01
  -1.2118477e+01
  -1.1474731e+01
  -1.0801253e+01
  -1.0098787e+01
  -9.3681376e+00
  -8.6102024e+00
  -7.8259957e+00
  -7.0166739e+00
  -6.1835550e+00
  -5.3281326e+00
  -4.4520846e+00
  -3.5572767e+00
  -2.6457602e+00
  -1.7197658e+00
  -7.8169152e-01
   1.6591183e-01
   1.1203590e+00
   2.0788514e+00
   3.0384998e+00
   3.9963506e+00
   4.9494117e+00
   5.8946804e+00
   6.8291693e+00
   7.7499315e+00
   8.6540815e+00
   9.5388140e+00
   1.0401417e+01
   1.1239282e+01
   1.2049911e+01
   1.2830921e+01
   1.3580045e+01
   1.4295139e+01
   1.4974185e+01
   1.5615296e+01
   1.6216721e+01
   1.6776854e+01
   1.7294240e+01
   1.7767575e+01
   1.8195717e+01
   1.8577677e+01
   1.8912624e+01
   1.9199878e+01
   1.9438899e+01
   1.9629281e+01
   1.9770738e+01
   1.9863100e+01
   1.9906301e+01
   1.9900375e+01
   1.9845445e+01
   1.9741719e+01
   1.9589481e+01
   1.9389088e+01
   1.9140967e+01
   1.8845612e+01
   1.8503586e+01
   1.8115515e+01
   1.7682090e+01
   1.7204066e+01
   1.6682273e+01
   1.6117619e+01
   1.5511106e+01
   1.4863846e+01
   1.4177070e+01
   1.3452145e+01
   1.2690586e+01
   1.1894062e+01
   1.1064394e+01
   1.0203562e+01
   9.3136891e+00
   8.3970411e+00
   7.4560114e+00
   6.4931101e+00
   5.5109490e+00
   4.5122265e+00
   3.4997107e+00
   2.4762236e+00
   1.4446245e+00
   4.0779385e-01
  -6.3138308e-01
  -1.6700328e+00
  -2.7053098e+00
  -3.7344129e+00
  -4.7546015e+00
  -5.7632109e+00
  -6.7576662e+00
  -7.7354922e+00
  -8.6943202e+00
  -9.6318916e+00
  -1.0546058e+01
  -1.1434781e+01
  -1.2296127e+01
  -1.3128266e+01
  -1.3929464e+01
  -1.4698080e+01
  -1.5432556e+01
  -1.6131419e+01
  -1.6793269e+01
  -1.7416783e+01
  -1.8000709e+01
  -1.8543866e+01
  -1.9045140e+01
  -1.9503488e+01
  -1.9917934e+01
  -2.0287574e+01
  -2.0611575e+01
  -2.0889178e+01
  -2.1119693e+01
  -2.1302493e+01
  -2.1437014e+01
  -2.1522744e+01
  -2.1559228e+01
  -2.1546065e+01
  -2.1482910e+01
  -2.1369477e+01
  -2.1205540e+01
  -2.0990939e+01
  -2.0725582e+01
  -2.0409447e+01
  -2.0042593e+01
  -1.9625169e+01
  -1.9157429e+01
  -1.8639744e+01
  -1.8072620e+01
  -1.7456714e+01
  -1.6792848e+01
  -1.6082023e+01
  -1.5325436e+01
  -1.4524491e+01
  -1.3680814e+01
  -1.2796262e+01
  -1.1872924e+01
  -1.0913125e+01
  -9.9194177e+00
  -8.8945790e+00
  -7.8415935e+00
  -6.7636414e+00
  -5.6640791e+00
  -4.5464173e+00
  -3.4142937e+00
  -2.2714428e+00
  -1.1216621e+00
   3.1223894e-02
   1.1834005e+00
   2.3310999e+00
   3.4706382e+00
   4.5984517e+00
   5.7111316e+00
   6.8054565e+00
   7.8784207e+00
   8.9272586e+00
   9.9494652e+00
   1.0942812e+01
   1.1905355e+01
   1.2835438e+01
   1.3731685e+01
   1.4592980e+01
   1.5418445e+01
   1.6207407e+01
   1.6959367e+01
   1.7673959e+01
   1.8350910e+01
   1.8990005e+01
   1.9591040e+01
   2.0153789e+01
   2.0677962e+01
   2.1163172e+01
   2.1608901e+01
   2.2014474e+01
   2.2379034e+01
   2.2701518e+01
   2.2980645e+01
   2.3214907e+01
   2.3402568e+01
   2.3541673e+01
   2.3630067e+01
   2.3665420e+01
   2.3645260e+01
   2.3567023e+01
   2.3428104e+01
   2.3225920e+01
   2.2957984e+01
   2.2621980e+01
   2.2215854e+01
   2.1737900e+01
   2.1186857e+01
   2.0562011e+01
   1.9863285e+01
   1.9091339e+01
   1.8247650e+01
   1.7334591e+01
   1.6355499e+01
   1.5314719e+01
   1.4217639e+01
   1.3070703e+01
   1.1881397e+01
   1.0658212e+01
   9.4105779e+00
   8.1487680e+00
   6.8837780e+00
   5.6271808e+00
   4.3909555e+00
   3.1872964e+00
   2.0283998e+00
   9.2623398e-01
  -1.0770492e-01
  -1.0626460e+00
  -1.9287993e+00
  -2.6976090e+00
  -3.3619969e+00
  -3.9165879e+00
  -4.3579109e+00
  -4.6845625e+00
  -4.8973271e+00
  -4.9992447e+00
  -4.9956201e+00
  -4.8939666e+00
  -4.7038796e+00
  -4.4368361e+00
  -4.1059173e+00
  -3.7254577e+00
  -3.3106221e+00
  -2.8769197e+00
  -2.4396681e+00
