   0.0000000e+00
   0.0000000e+00
   0.0000000e+00
   0.0000000e+00
   0.0000000e+00
   0.0000000e+00
   0.0000000e+00
   0.0000000e+00
   0.0000000e+00
   0.0000000e+00
   0.0000000e+00
   0.0000000e+00
   0.0000000e+00
   0.0000000e+00
   0.0000000e+00
   6.0000000e+01
   6.0000000e+01
   6.0000000e+01
   6.0000000e+01
   6.0000000e+01
   6.0000000e+01
   6.0000000e+01
   6.0000000e+01
   6.0000000e+01
   6.0000000e+01
   6.0000000e+01
   6.0000000e+01
   6.0000000e+01
   6.0000000e+01
   6.0000000e+01
   6.0000000e+01
   6.0000000e+01
   6.0000000e+01
   6.0000000e+01
   6.0000000e+01
   6.0000000e+01
   6.0000000e+01
   6.0000000e+01
   6.0000000e+01
   6.0000000e+01
   6.0000000e+01
   6.0000000e+01
   6.0000000e+01
   6.0000000e+01
   6.0000000e+01
   6.0000000e+01
   6.0000000e+01
   6.0000000e+01
   6.0000000e+01
   6.0000000e+01
   6.0000000e+01
   6.0000000e+01
   6.0000000e+01
   6.0000000e+01
   6.0000000e+01
   6.0000000e+01
   6.0000000e+01
   6.0000000e+01
   6.0000000e+01
   6.0000000e+01
   6.0000000e+01
   6.0000000e+01
   6.0000000e+01
   6.0000000e+01
   6.0000000e+01
  -6.0000000e+01
  -6.0000000e+01
  -6.0000000e+01
  -6.0000000e+01
  -5.9733000e+01
  -6.0000000e+01
  -6.0000000e+01
  -6.0000000e+01
  -6.0000000e+01
  -6.0000000e+01
  -6.0000000e+01
  -6.0000000e+01
  -6.0000000e+01
  -6.0000000e+01
  -6.0000000e+01
  -6.0000000e+01
  -6.0000000e+01
  -6.0000000e+01
  -6.0000000e+01
  -6.0000000e+01
  -6.0000000e+01
  -6.0000000e+01
  -6.0000000e+01
  -6.0000000e+01
  -6.0000000e+01
  -6.0000000e+01
  -6.0000000e+01
  -6.0000000e+01
  -6.0000000e+01
  -6.0000000e+01
  -6.0000000e+01
  -6.0000000e+01
  -6.0000000e+01
  -6.0000000e+01
  -6.0000000e+01
  -6.0000000e+01
  -6.0000000e+01
  -6.0000000e+01
  -6.0000000e+01
  -6.0000000e+01
  -6.0000000e+01
  -6.0000000e+01
  -6.0000000e+01
  -6.0000000e+01
  -6.0000000e+01
  -6.0000000e+01
  -6.0000000e+01
  -6.0000000e+01
  -6.0000000e+01
  -6.0000000e+01
  -6.0000000e+01
  -6.0000000e+01
  -6.0000000e+01
  -6.0000000e+01
  -6.0000000e+01
  -6.0000000e+01
  -6.0000000e+01
  -6.0000000e+01
  -6.0000000e+01
  -6.0000000e+01
  -6.0000000e+01
  -6.0000000e+01
  -6.0000000e+01
  -6.0000000e+01
  -6.0000000e+01
  -6.0000000e+01
   4.9631300e+01
   4.2550100e+01
   3.6895500e+01
   6.0000000e+01
   6.0000000e+01
   6.0000000e+01
   6.0000000e+01
   6.0000000e+01
   6.0000000e+01
   6.0000000e+01
   6.0000000e+01
   6.0000000e+01
   6.0000000e+01
   6.0000000e+01
   6.0000000e+01
   6.0000000e+01
   6.0000000e+01
   6.0000000e+01
   6.0000000e+01
   6.0000000e+01
   6.0000000e+01
   6.0000000e+01
   6.0000000e+01
   6.0000000e+01
   6.0000000e+01
   6.0000000e+01
   6.0000000e+01
   6.0000000e+01
   6.0000000e+01
   6.0000000e+01
   6.0000000e+01
   6.0000000e+01
   6.0000000e+01
   6.0000000e+01
   6.0000000e+01
   6.0000000e+01
   6.0000000e+01
   6.0000000e+01
   6.0000000e+01
   6.0000000e+01
   6.0000000e+01
   6.0000000e+01
   6.0000000e+01
   6.0000000e+01
   6.0000000e+01
   6.0000000e+01
   6.0000000e+01
   6.0000000e+01
   6.0000000e+01
   6.0000000e+01
   6.0000000e+01
   6.0000000e+01
   6.0000000e+01
   6.0000000e+01
   6.0000000e+01
   6.0000000e+01
   6.0000000e+01
   6.0000000e+01
   6.0000000e+01
   6.0000000e+01
   6.0000000e+01
   6.0000000e+01
   6.0000000e+01
  -6.0000000e+01
  -6.0000000e+01
  -6.0000000e+01
  -6.0000000e+01
  -6.0000000e+01
  -6.0000000e+01
  -6.0000000e+01
  -6.0000000e+01
  -6.0000000e+01
  -6.0000000e+01
  -6.0000000e+01
  -6.0000000e+01
  -6.0000000e+01
  -6.0000000e+01
  -6.0000000e+01
  -6.0000000e+01
  -6.0000000e+01
  -6.0000000e+01
  -6.0000000e+01
  -6.0000000e+01
  -6.0000000e+01
  -6.0000000e+01
  -6.0000000e+01
  -6.0000000e+01
  -6.0000000e+01
  -6.0000000e+01
  -6.0000000e+01
  -6.0000000e+01
  -6.0000000e+01
  -6.0000000e+01
  -6.0000000e+01
  -6.0000000e+01
  -6.0000000e+01
  -6.0000000e+01
  -6.0000000e+01
  -6.0000000e+01
  -6.0000000e+01
  -6.0000000e+01
  -6.0000000e+01
  -6.0000000e+01
  -6.0000000e+01
  -6.0000000e+01
  -6.0000000e+01
  -6.0000000e+01
  -6.0000000e+01
  -6.0000000e+01
  -6.0000000e+01
  -6.0000000e+01
  -6.0000000e+01
  -6.0000000e+01
  -6.0000000e+01
  -6.0000000e+01
  -6.0000000e+01
  -6.0000000e+01
  -6.0000000e+01
  -6.0000000e+01
  -6.0000000e+01
  -6.0000000e+01
  -6.0000000e+01
  -6.0000000e+01
  -6.0000000e+01
  -6.0000000e+01
  -6.0000000e+01
   5.5189100e+01
   4.7642600e+01
   6.0000000e+01
   6.0000000e+01
   6.0000000e+01
   6.0000000e+01
   6.0000000e+01
   6.0000000e+01
   6.0000000e+01
   6.0000000e+01
   6.0000000e+01
   6.0000000e+01
   6.0000000e+01
   6.0000000e+01
   6.0000000e+01
   6.0000000e+01
   6.0000000e+01
   6.0000000e+01
   6.0000000e+01
   6.0000000e+01
   6.0000000e+01
   6.0000000e+01
   6.0000000e+01
   6.0000000e+01
   6.0000000e+01
   6.0000000e+01
   6.0000000e+01
   6.0000000e+01
   6.0000000e+01
   6.0000000e+01
   6.0000000e+01
   6.0000000e+01
   6.0000000e+01
   6.0000000e+01
   6.0000000e+01
   6.0000000e+01
   6.0000000e+01
   6.0000000e+01
   6.0000000e+01
   6.0000000e+01
   6.0000000e+01
   6.0000000e+01
   6.0000000e+01
   6.0000000e+01
   6.0000000e+01
   6.0000000e+01
   6.0000000e+01
   6.0000000e+01
   6.0000000e+01
   6.0000000e+01
   6.0000000e+01
   6.0000000e+01
   6.0000000e+01
   6.0000000e+01
   6.0000000e+01
   6.0000000e+01
   6.0000000e+01
   6.0000000e+01
   6.0000000e+01
   6.0000000e+01
   6.0000000e+01
   6.0000000e+01
   6.0000000e+01
  -6.0000000e+01
  -6.0000000e+01
  -6.0000000e+01
  -6.0000000e+01
  -6.0000000e+01
  -6.0000000e+01
  -6.0000000e+01
  -6.0000000e+01
  -6.0000000e+01
  -6.0000000e+01
  -6.0000000e+01
  -6.0000000e+01
  -6.0000000e+01
  -6.0000000e+01
  -6.0000000e+01
  -6.0000000e+01
  -6.0000000e+01
  -6.0000000e+01
  -6.0000000e+01
  -6.0000000e+01
  -6.0000000e+01
  -6.0000000e+01
  -6.0000000e+01
  -6.0000000e+01
  -6.0000000e+01
  -6.0000000e+01
  -6.0000000e+01
  -6.0000000e+01
  -6.0000000e+01
  -6.0000000e+01
  -6.0000000e+01
  -6.0000000e+01
  -6.0000000e+01
  -6.0000000e+01
  -6.0000000e+01
  -6.0000000e+01
  -6.0000000e+01
  -6.0000000e+01
  -6.0000000e+01
  -6.0000000e+01
  -6.0000000e+01
  -6.0000000e+01
  -6.0000000e+01
  -6.0000000e+01
  -6.0000000e+01
  -6.0000000e+01
  -6.0000000e+01
  -6.0000000e+01
  -6.0000000e+01
  -6.0000000e+01
  -6.0000000e+01
  -6.0000000e+01
  -6.0000000e+01
  -6.0000000e+01
  -6.0000000e+01
  -6.0000000e+01
  -6.0000000e+01
  -6.0000000e+01
  -6.0000000e+01
  -6.0000000e+01
  -6.0000000e+01
  -6.0000000e+01
  -6.0000000e+01
   5.6671000e+01
   6.0000000e+01
   6.0000000e+01
   6.0000000e+01
   6.0000000e+01
   6.0000000e+01
   6.0000000e+01
   6.0000000e+01
   6.0000000e+01
   6.0000000e+01
   6.0000000e+01
   6.0000000e+01
   6.0000000e+01
   6.0000000e+01
   6.0000000e+01
   6.0000000e+01
   6.0000000e+01
   6.0000000e+01
   6.0000000e+01
   6.0000000e+01
   6.0000000e+01
   6.0000000e+01
   6.0000000e+01
   6.0000000e+01
   6.0000000e+01
   6.0000000e+01
   6.0000000e+01
   6.0000000e+01
   6.0000000e+01
   6.0000000e+01
   6.0000000e+01
   6.0000000e+01
   6.0000000e+01
   6.0000000e+01
   6.0000000e+01
   6.0000000e+01
   6.0000000e+01
   6.0000000e+01
   6.0000000e+01
   6.0000000e+01
   6.0000000e+01
   6.0000000e+01
   6.0000000e+01
   6.0000000e+01
   6.0000000e+01
   6.0000000e+01
   6.0000000e+01
   6.0000000e+01
   6.0000000e+01
   6.0000000e+01
   6.0000000e+01
   6.0000000e+01
   6.0000000e+01
   6.0000000e+01
   6.0000000e+01
   6.0000000e+01
   6.0000000e+01
   6.0000000e+01
   6.0000000e+01
   6.0000000e+01
   6.0000000e+01
   6.0000000e+01
   6.0000000e+01
  -6.0000000e+01
  -6.0000000e+01
  -6.0000000e+01
  -6.0000000e+01
  -6.0000000e+01
  -6.0000000e+01
  -6.0000000e+01
  -6.0000000e+01
  -6.0000000e+01
  -6.0000000e+01
  -6.0000000e+01
  -6.0000000e+01
  -6.0000000e+01
  -6.0000000e+01
  -6.0000000e+01
  -6.0000000e+01
  -6.0000000e+01
  -6.0000000e+01
  -6.0000000e+01
  -6.0000000e+01
  -6.0000000e+01
  -6.0000000e+01
  -6.0000000e+01
  -6.0000000e+01
  -6.0000000e+01
  -6.0000000e+01
  -6.0000000e+01
  -6.0000000e+01
  -6.0000000e+01
  -6.0000000e+01
  -6.0000000e+01
  -6.0000000e+01
  -6.0000000e+01
  -6.0000000e+01
  -6.0000000e+01
  -6.0000000e+01
  -6.0000000e+01
  -6.0000000e+01
  -6.0000000e+01
  -6.0000000e+01
  -6.0000000e+01
  -6.0000000e+01
  -6.0000000e+01
  -6.0000000e+01
  -6.0000000e+01
  -6.0000000e+01
  -6.0000000e+01
   2.5102100e+01
   1.9585100e+01
   1.5226500e+01
   1.2130100e+01
   1.0211800e+01
   9.3040800e+00
   9.2341600e+00
   9.6842800e+00
   1.0239500e+01
   1.0649600e+01
   1.0813100e+01
   1.0657100e+01
   1.0181600e+01
   9.4361300e+00
   8.4994600e+00
   7.4768500e+00
   6.4979700e+00
   5.5824100e+00
   4.7334100e+00
   3.9518300e+00
   3.2461200e+00
   2.5791100e+00
   1.9251400e+00
   1.2885600e+00
   7.4757600e-01
   2.8581500e-01
  -1.1322200e-01
  -4.1566900e-01
  -5.8626000e-01
  -6.2758000e-01
  -5.4006800e-01
   6.0000000e+01
   6.0000000e+01
   6.0000000e+01
   6.0000000e+01
   6.0000000e+01
   6.0000000e+01
   6.0000000e+01
   6.0000000e+01
   6.0000000e+01
   6.0000000e+01
   6.0000000e+01
   6.0000000e+01
   6.0000000e+01
   6.0000000e+01
   6.0000000e+01
   6.0000000e+01
   6.0000000e+01
   6.0000000e+01
   6.0000000e+01
   6.0000000e+01
   6.0000000e+01
   6.0000000e+01
   6.0000000e+01
   6.0000000e+01
   6.0000000e+01
   6.0000000e+01
   6.0000000e+01
   6.0000000e+01
   6.0000000e+01
   6.0000000e+01
   6.0000000e+01
   6.0000000e+01
   6.0000000e+01
   6.0000000e+01
  -6.0000000e+01
  -6.0000000e+01
  -6.0000000e+01
  -5.7393300e+01
  -5.1767700e+01
  -4.7546300e+01
  -4.4459100e+01
  -4.2203700e+01
  -4.0530600e+01
  -3.9230800e+01
  -3.8156300e+01
  -3.7206800e+01
  -3.6321100e+01
  -3.5443700e+01
  -3.4541700e+01
  -3.3592000e+01
  -3.2560300e+01
  -3.1486300e+01
  -3.0354200e+01
  -2.9188500e+01
  -2.7998600e+01
  -2.6800600e+01
  -2.5596700e+01
  -2.4383100e+01
  -2.3151100e+01
  -2.1920000e+01
  -2.0678400e+01
  -6.0000000e+01
  -6.0000000e+01
  -6.0000000e+01
  -6.0000000e+01
  -6.0000000e+01
  -6.0000000e+01
  -6.0000000e+01
  -6.0000000e+01
  -6.0000000e+01
  -6.0000000e+01
  -6.0000000e+01
  -6.0000000e+01
  -6.0000000e+01
  -6.0000000e+01
  -6.0000000e+01
  -6.0000000e+01
  -6.0000000e+01
  -6.0000000e+01
  -6.0000000e+01
  -6.0000000e+01
  -6.0000000e+01
  -6.0000000e+01
  -6.0000000e+01
  -6.0000000e+01
  -6.0000000e+01
  -6.0000000e+01
  -6.0000000e+01
  -6.0000000e+01
  -6.0000000e+01
  -6.0000000e+01
  -6.0000000e+01
  -6.0000000e+01
  -6.0000000e+01
  -6.0000000e+01
  -6.0000000e+01
  -6.0000000e+01
  -6.0000000e+01
  -6.0000000e+01
   6.0000000e+01
   6.0000000e+01
   5.3405200e+01
   4.7367500e+01
   4.2743600e+01
   3.9265500e+01
   3.6667400e+01
   3.4715100e+01
   3.3222600e+01
   3.2001300e+01
   3.0939700e+01
   2.9937000e+01
   2.8932000e+01
   2.7909400e+01
   2.6844700e+01
   2.5733100e+01
   2.4569400e+01
   2.3371700e+01
   2.2169100e+01
   2.0947800e+01
   1.9717600e+01
   1.8479200e+01
   1.7261000e+01
   1.6033900e+01
   6.0000000e+01
   6.0000000e+01
   6.0000000e+01
   6.0000000e+01
   6.0000000e+01
   6.0000000e+01
   6.0000000e+01
   6.0000000e+01
   6.0000000e+01
   6.0000000e+01
   6.0000000e+01
   6.0000000e+01
   6.0000000e+01
   6.0000000e+01
   6.0000000e+01
   6.0000000e+01
   6.0000000e+01
   6.0000000e+01
   6.0000000e+01
   6.0000000e+01
   6.0000000e+01
   6.0000000e+01
   6.0000000e+01
   6.0000000e+01
   6.0000000e+01
   6.0000000e+01
   6.0000000e+01
   6.0000000e+01
   6.0000000e+01
   6.0000000e+01
   6.0000000e+01
   6.0000000e+01
   6.0000000e+01
   6.0000000e+01
   6.0000000e+01
   6.0000000e+01
   6.0000000e+01
   6.0000000e+01
   6.0000000e+01
   6.0000000e+01
   6.0000000e+01
  -6.0000000e+01
  -6.0000000e+01
  -6.0000000e+01
  -5.8576600e+01
  -5.2810600e+01
  -4.8475900e+01
  -4.5293400e+01
  -4.2962800e+01
  -4.1247900e+01
  -3.9936600e+01
  -3.8866900e+01
  -3.7915400e+01
  -3.7009000e+01
  -3.6101800e+01
  -3.5174800e+01
  -3.4234700e+01
  -3.3242500e+01
  -3.2211500e+01
  -3.1154600e+01
  -3.0065500e+01
  -2.8959500e+01
  -2.7834200e+01
  -6.0000000e+01
  -6.0000000e+01
  -6.0000000e+01
  -6.0000000e+01
  -6.0000000e+01
  -6.0000000e+01
  -6.0000000e+01
  -6.0000000e+01
  -6.0000000e+01
  -6.0000000e+01
  -6.0000000e+01
  -6.0000000e+01
  -6.0000000e+01
  -6.0000000e+01
  -6.0000000e+01
  -6.0000000e+01
  -6.0000000e+01
  -6.0000000e+01
  -6.0000000e+01
  -6.0000000e+01
  -6.0000000e+01
  -6.0000000e+01
  -6.0000000e+01
  -6.0000000e+01
  -6.0000000e+01
  -6.0000000e+01
  -6.0000000e+01
  -6.0000000e+01
  -6.0000000e+01
  -6.0000000e+01
  -6.0000000e+01
  -6.0000000e+01
  -6.0000000e+01
  -6.0000000e+01
  -6.0000000e+01
  -6.0000000e+01
  -6.0000000e+01
