   0.0000000e+00
   0.0000000e+00
   0.0000000e+00
   0.0000000e+00
   0.0000000e+00
   0.0000000e+00
   0.0000000e+00
   0.0000000e+00
   0.0000000e+00
   0.0000000e+00
   0.0000000e+00
   0.0000000e+00
   0.0000000e+00
   0.0000000e+00
   0.0000000e+00
   0.0000000e+00
   0.0000000e+00
   0.0000000e+00
   0.0000000e+00
   0.0000000e+00
   0.0000000e+00
   0.0000000e+00
   0.0000000e+00
   0.0000000e+00
  -3.1415900e-03
  -3.1415900e-03
  -3.1415900e-03
  -3.1415900e-03
  -6.2831800e-03
  -6.2831800e-03
  -9.4247800e-03
  -9.4247800e-03
  -1.2566400e-02
  -1.2566400e-02
  -1.5708000e-02
  -1.5708000e-02
  -1.8849600e-02
  -2.1991100e-02
  -2.1991100e-02
  -2.5132700e-02
  -2.8274300e-02
  -2.8274300e-02
  -3.1415900e-02
  -3.4557500e-02
  -3.4557500e-02
  -3.7699100e-02
  -4.0840700e-02
  -4.0840700e-02
  -4.3982300e-02
  -4.7123900e-02
  -4.7123900e-02
  -5.0265500e-02
  -5.3407100e-02
  -5.3407100e-02
  -5.6548700e-02
  -5.6548700e-02
  -5.9690200e-02
  -5.9690200e-02
  -6.2831800e-02
  -6.2831800e-02
  -6.5973400e-02
  -6.5973400e-02
  -6.9115000e-02
  -6.9115000e-02
  -6.9115000e-02
  -6.9115000e-02
  -7.2256600e-02
  -7.2256600e-02
  -7.2256600e-02
  -7.2256600e-02
  -7.2256600e-02
  -7.2256600e-02
  -6.9115000e-02
  -6.9115000e-02
  -6.5973400e-02
  -6.2831800e-02
  -6.2831800e-02
  -5.9690200e-02
  -5.6548700e-02
  -5.3407100e-02
  -5.0265500e-02
  -4.7123900e-02
  -4.3982300e-02
  -4.0840700e-02
  -3.4557500e-02
  -3.1415900e-02
  -2.5132700e-02
  -2.1991100e-02
  -1.5708000e-02
  -1.2566400e-02
  -6.2831800e-03
   0.0000000e+00
   3.1415900e-03
   9.4247800e-03
   1.5708000e-02
   2.1991100e-02
   2.5132700e-02
   3.1415900e-02
   3.7699100e-02
   4.3982300e-02
   5.0265500e-02
   5.6548700e-02
   6.2831800e-02
   6.5973400e-02
   7.2256600e-02
   7.8539800e-02
   8.4823000e-02
   8.7964600e-02
   9.4247800e-02
   1.0053100e-01
   1.0367300e-01
   1.0995600e-01
   1.1309700e-01
   1.1623900e-01
   1.2252200e-01
   1.2566400e-01
   1.2880500e-01
   1.3508800e-01
   1.3823000e-01
   1.3823000e-01
   1.4137200e-01
   1.4451300e-01
   1.4765500e-01
   1.5079600e-01
   1.5079600e-01
   1.5393800e-01
   1.5393800e-01
   1.5393800e-01
   1.5708000e-01
   1.5708000e-01
   1.5708000e-01
   1.5708000e-01
   1.5708000e-01
   1.5708000e-01
   1.5393800e-01
   1.5393800e-01
   1.5079600e-01
   1.5079600e-01
   1.4765500e-01
   1.4137200e-01
   1.3823000e-01
   1.3508800e-01
   1.2880500e-01
   1.2252200e-01
   1.1623900e-01
   1.0995600e-01
   1.0367300e-01
   9.7389400e-02
   8.7964600e-02
   8.1681400e-02
   7.2256600e-02
   6.5973400e-02
   5.6548700e-02
   4.7123900e-02
   3.7699100e-02
   2.8274300e-02
   1.8849600e-02
   9.4247800e-03
   0.0000000e+00
  -1.2566400e-02
  -2.1991100e-02
  -3.1415900e-02
  -4.0840700e-02
  -5.3407100e-02
  -6.2831800e-02
  -7.2256600e-02
  -8.4823000e-02
  -9.4247800e-02
  -1.0367300e-01
  -1.1309700e-01
  -1.2252200e-01
  -1.3508800e-01
  -1.4137200e-01
  -1.5079600e-01
  -1.6022100e-01
  -1.6964600e-01
  -1.7907100e-01
  -1.8535400e-01
  -1.9477900e-01
  -2.0106200e-01
  -2.0734500e-01
  -2.1362800e-01
  -2.1991100e-01
  -2.2619500e-01
  -2.2933600e-01
  -2.3561900e-01
  -2.3876100e-01
  -2.4190300e-01
  -2.4504400e-01
  -2.4504400e-01
  -2.4818600e-01
  -2.4818600e-01
  -2.5132700e-01
  -2.5132700e-01
  -2.4818600e-01
  -2.4818600e-01
  -2.4504400e-01
  -2.4190300e-01
  -2.3876100e-01
  -2.3561900e-01
  -2.3247800e-01
  -2.2619500e-01
  -2.1991100e-01
  -2.1362800e-01
  -2.0420300e-01
  -1.9477900e-01
  -1.8849600e-01
  -1.7907100e-01
  -1.6650400e-01
  -1.5708000e-01
  -1.4451300e-01
  -1.3508800e-01
  -1.2252200e-01
  -1.0995600e-01
  -9.7389400e-02
  -8.1681400e-02
  -6.9115000e-02
  -5.6548700e-02
  -4.0840700e-02
  -2.5132700e-02
  -1.2566400e-02
   3.1415900e-03
   1.8849600e-02
   3.1415900e-02
   4.7123900e-02
   6.2831800e-02
   7.8539800e-02
   9.1106200e-02
   1.0681400e-01
   1.2252200e-01
   1.3508800e-01
   1.5079600e-01
   1.6336300e-01
   1.7592900e-01
   1.9163700e-01
   2.0420300e-01
   2.1677000e-01
   2.2619500e-01
   2.3876100e-01
   2.5132700e-01
   2.6075200e-01
   2.7017700e-01
   2.7960200e-01
   2.8902600e-01
   2.9531000e-01
   3.0473400e-01
   3.1101800e-01
   3.1730100e-01
   3.2358400e-01
   3.2672600e-01
   3.2986700e-01
   3.3300900e-01
   3.3615000e-01
   3.3929200e-01
   3.3929200e-01
   3.3929200e-01
   3.3929200e-01
   3.3929200e-01
   3.3929200e-01
   3.3615000e-01
   3.3300900e-01
   3.2672600e-01
   3.2358400e-01
   3.1730100e-01
   3.0787600e-01
   3.0159300e-01
   2.9216800e-01
   2.8274300e-01
   2.7017700e-01
   2.5761100e-01
   2.4818600e-01
   2.3247800e-01
   2.1991100e-01
   2.0420300e-01
   1.8849600e-01
   1.7278800e-01
   1.5708000e-01
   1.4137200e-01
   1.2252200e-01
   1.0367300e-01
   8.4823000e-02
   6.5973400e-02
   4.7123900e-02
   2.8274300e-02
   9.4247800e-03
  -9.4247800e-03
  -2.8274300e-02
  -5.0265500e-02
  -6.9115000e-02
  -8.7964600e-02
  -1.0995600e-01
  -1.2880500e-01
  -1.4765500e-01
  -1.6650400e-01
  -1.8535400e-01
  -2.0420300e-01
  -2.2305300e-01
  -2.3876100e-01
  -2.5761100e-01
  -2.7331800e-01
  -2.8902600e-01
  -3.0473400e-01
  -3.2044200e-01
  -3.3300900e-01
  -3.4871700e-01
  -3.6128300e-01
  -3.7070800e-01
  -3.8327400e-01
  -3.9269900e-01
  -4.0212400e-01
  -4.0840700e-01
  -4.1783200e-01
  -4.2411500e-01
  -4.2725700e-01
  -4.3354000e-01
  -4.3668100e-01
  -4.3982300e-01
  -4.3982300e-01
  -4.3982300e-01
  -4.3982300e-01
  -4.3668100e-01
  -4.3354000e-01
  -4.3039800e-01
  -4.2411500e-01
  -4.1783200e-01
  -4.0840700e-01
  -4.0212400e-01
  -3.8955700e-01
  -3.8013300e-01
  -3.6756600e-01
  -3.5500000e-01
  -3.3929200e-01
  -3.2358400e-01
  -3.0787600e-01
  -2.8902600e-01
  -2.7331800e-01
  -2.5446900e-01
  -2.3247800e-01
  -2.1362800e-01
  -1.9163700e-01
  -1.6964600e-01
  -1.4765500e-01
  -1.2566400e-01
  -1.0053100e-01
  -7.8539800e-02
  -5.3407100e-02
  -3.1415900e-02
  -6.2831800e-03
   1.8849600e-02
   4.3982300e-02
   6.9115000e-02
   9.1106200e-02
   1.1623900e-01
   1.4137200e-01
   1.6336300e-01
   1.8849600e-01
   2.1048700e-01
   2.3561900e-01
   2.5761100e-01
   2.7960200e-01
   2.9845100e-01
   3.2044200e-01
   3.3929200e-01
   3.5814100e-01
   3.7699100e-01
   3.9584100e-01
   4.1154900e-01
   4.2725700e-01
   4.4296400e-01
   4.5553100e-01
   4.6809700e-01
   4.8066400e-01
   4.9008800e-01
   4.9951300e-01
   5.0579600e-01
   5.1522100e-01
   5.2150400e-01
   5.2464600e-01
   5.2778700e-01
   5.3092900e-01
   5.3407100e-01
   5.3407100e-01
   5.3407100e-01
   5.3092900e-01
   5.2778700e-01
   5.2150400e-01
   5.1522100e-01
   5.0893800e-01
   4.9951300e-01
   4.9008800e-01
   4.7752200e-01
   4.6495600e-01
   4.5238900e-01
   4.3668100e-01
   4.1783200e-01
   4.0212400e-01
   3.8013300e-01
   3.6128300e-01
   3.3929200e-01
   3.1730100e-01
   2.9531000e-01
   2.7017700e-01
   2.4504400e-01
   2.1991100e-01
   1.9163700e-01
   1.6650400e-01
   1.3823000e-01
   1.0995600e-01
   8.1681400e-02
   5.3407100e-02
   2.5132700e-02
  -6.2831800e-03
  -3.4557500e-02
  -6.2831800e-02
  -9.4247800e-02
  -1.2252200e-01
  -1.5079600e-01
  -1.7907100e-01
  -2.0734500e-01
  -2.3561900e-01
  -2.6389400e-01
  -2.9216800e-01
  -3.1730100e-01
  -3.4243400e-01
  -3.6756600e-01
  -3.9269900e-01
  -4.1783200e-01
  -4.3982300e-01
  -4.6181400e-01
  -4.8066400e-01
  -4.9951300e-01
  -5.1836300e-01
  -5.3407100e-01
  -5.5292000e-01
  -5.6548700e-01
  -5.7805300e-01
  -5.9061900e-01
  -6.0004400e-01
  -6.0946900e-01
  -6.1889400e-01
  -6.2517700e-01
  -6.2831800e-01
  -6.3146000e-01
  -6.3460200e-01
  -6.3460200e-01
  -6.3460200e-01
  -6.3146000e-01
  -6.2831800e-01
  -6.2203500e-01
  -6.1261000e-01
  -6.0318600e-01
  -5.9376100e-01
  -5.8119500e-01
  -5.6862800e-01
  -5.5292000e-01
  -5.3721200e-01
  -5.1836300e-01
  -4.9951300e-01
  -4.7752200e-01
  -4.5553100e-01
  -4.3039800e-01
  -4.0526500e-01
  -3.8013300e-01
  -3.5185800e-01
  -3.2358400e-01
  -2.9531000e-01
  -2.6703500e-01
  -2.3561900e-01
  -2.0420300e-01
  -1.6964600e-01
  -1.3823000e-01
  -1.0367300e-01
  -7.2256600e-02
  -3.7699100e-02
  -3.1415900e-03
   3.1415900e-02
   6.5973400e-02
   9.7389400e-02
   1.3194700e-01
   1.6650400e-01
   2.0106200e-01
   2.3247800e-01
   2.6703500e-01
   2.9845100e-01
   3.2986700e-01
   3.6128300e-01
   3.8955700e-01
   4.1783200e-01
   4.4610600e-01
   4.7438000e-01
   4.9951300e-01
   5.2464600e-01
   5.4663700e-01
   5.6862800e-01
   5.9061900e-01
   6.0946900e-01
   6.2831800e-01
   6.4402600e-01
   6.5973400e-01
   6.7544200e-01
   6.8800900e-01
   6.9743300e-01
   7.0685800e-01
   7.1314100e-01
   7.1628300e-01
   7.1942500e-01
   7.2256600e-01
   7.2256600e-01
   7.1942500e-01
   7.1628300e-01
   7.1000000e-01
   7.0057500e-01
   6.9115000e-01
   6.8172500e-01
   6.6915900e-01
   6.5345100e-01
   6.3774300e-01
   6.1889400e-01
   6.0004400e-01
   5.8119500e-01
   5.5920300e-01
   5.3407100e-01
   5.0893800e-01
   4.8380500e-01
   4.5553100e-01
   4.2725700e-01
   3.9898200e-01
   3.6756600e-01
   3.3615000e-01
   3.0473400e-01
   2.7017700e-01
   2.3561900e-01
   2.0106200e-01
   1.6336300e-01
   1.2880500e-01
   9.1106200e-02
   5.3407100e-02
   1.5708000e-02
  -2.1991100e-02
  -5.9690200e-02
  -9.7389400e-02
  -1.3508800e-01
  -1.7278800e-01
  -2.1048700e-01
  -2.4818600e-01
  -2.8274300e-01
  -3.2044200e-01
  -3.5500000e-01
  -3.8955700e-01
  -4.2097300e-01
  -4.5553100e-01
  -4.8380500e-01
  -5.1522100e-01
  -5.4349500e-01
  -5.7177000e-01
  -5.9690200e-01
  -6.2203500e-01
  -6.4716800e-01
  -6.6915900e-01
  -6.8800900e-01
  -7.0685800e-01
  -7.2570800e-01
  -7.3827400e-01
  -7.5398200e-01
  -7.6340700e-01
  -7.7283200e-01
  -7.7911500e-01
  -7.8539800e-01
  -7.8854000e-01
  -7.9168100e-01
  -7.9168100e-01
  -7.8854000e-01
  -7.8225600e-01
  -7.7597300e-01
  -7.6969000e-01
  -7.6026500e-01
  -7.4769900e-01
  -7.3199100e-01
  -7.1628300e-01
  -6.9743300e-01
  -6.7858400e-01
  -6.5659300e-01
  -6.3460200e-01
  -6.0946900e-01
  -5.8433600e-01
  -5.5606200e-01
  -5.2778700e-01
  -4.9637200e-01
  -4.6495600e-01
  -4.3039800e-01
  -3.9584100e-01
  -3.5814100e-01
  -3.2358400e-01
  -2.8588500e-01
  -2.4504400e-01
  -2.0734500e-01
  -1.6650400e-01
  -1.2566400e-01
  -8.4823000e-02
  -4.3982300e-02
  -3.1415900e-03
   4.0840700e-02
   8.1681400e-02
   1.2252200e-01
   1.6336300e-01
   2.0734500e-01
   2.4818600e-01
   2.8902600e-01
   3.2672600e-01
   3.6756600e-01
   4.0526500e-01
   4.4296400e-01
   4.7752200e-01
   5.1522100e-01
   5.4977900e-01
   5.8119500e-01
   6.1261000e-01
   6.4402600e-01
   6.7230100e-01
   7.0057500e-01
   7.2570800e-01
   7.5084000e-01
   7.7283200e-01
   7.9168100e-01
   8.1053100e-01
   8.2938000e-01
   8.4508800e-01
   8.5765500e-01
   8.6707900e-01
   8.7650400e-01
   8.8278700e-01
   8.8592900e-01
   8.8907100e-01
   8.8907100e-01
   8.8907100e-01
   8.8278700e-01
   8.7964600e-01
   8.7022100e-01
   8.5765500e-01
   8.4508800e-01
   8.3252200e-01
   8.1367200e-01
   7.9482300e-01
   7.7597300e-01
   7.5398200e-01
   7.2884900e-01
   7.0057500e-01
   6.7230100e-01
   6.4402600e-01
   6.1261000e-01
   5.7805300e-01
   5.4349500e-01
   5.0893800e-01
   4.7123900e-01
   4.3039800e-01
   3.8955700e-01
   3.4871700e-01
   3.0787600e-01
   2.6389400e-01
   2.1991100e-01
   1.7592900e-01
   1.2880500e-01
   8.4823000e-02
   3.7699100e-02
  -9.4247800e-03
  -5.6548700e-02
  -1.0053100e-01
  -1.4765500e-01
  -1.9477900e-01
  -2.4190300e-01
  -2.8588500e-01
  -3.2986700e-01
  -3.7384900e-01
  -4.1783200e-01
  -4.6181400e-01
  -5.0265500e-01
  -5.4349500e-01
  -5.8119500e-01
  -6.1889400e-01
  -6.5345100e-01
  -6.8800900e-01
  -7.2256600e-01
  -7.5398200e-01
  -7.8225600e-01
  -8.1053100e-01
  -8.3880500e-01
  -8.6079600e-01
  -8.8278700e-01
  -9.0477800e-01
  -9.2362800e-01
  -9.3933600e-01
  -9.5190200e-01
  -9.6446900e-01
  -9.7389400e-01
  -9.8017700e-01
  -9.8646000e-01
  -9.8960100e-01
  -9.8960100e-01
  -9.8646000e-01
  -9.8331800e-01
  -9.7703500e-01
  -9.6761000e-01
  -9.5818600e-01
  -9.4247800e-01
  -9.2677000e-01
  -9.1106200e-01
  -8.8907100e-01
  -8.6707900e-01
  -8.4508800e-01
  -8.1681400e-01
  -7.8854000e-01
  -7.6026500e-01
  -7.2570800e-01
  -6.9115000e-01
  -6.5659300e-01
  -6.1889400e-01
  -5.8119500e-01
  -5.4035400e-01
  -4.9637200e-01
  -4.5238900e-01
  -4.0840700e-01
  -3.6128300e-01
  -3.1415900e-01
  -2.6703500e-01
  -2.1991100e-01
  -1.6964600e-01
  -1.1938000e-01
  -6.9115000e-02
  -1.8849600e-02
   3.1415900e-02
   8.1681400e-02
   1.3194700e-01
   1.8535400e-01
   2.3561900e-01
   2.8274300e-01
   3.3300900e-01
   3.8013300e-01
   4.3039800e-01
   4.7438000e-01
   5.2150400e-01
   5.6548700e-01
   6.0946900e-01
   6.5031000e-01
   6.9115000e-01
   7.2884900e-01
   7.6654800e-01
   8.0110600e-01
