  -1.4881835e+00
  -1.5995816e+00
  -1.6733776e+00
  -1.7004953e+00
  -1.6714815e+00
  -1.5766374e+00
  -1.4061628e+00
  -1.1503130e+00
  -7.9956421e-01
  -3.4478309e-01
   2.2260252e-01
   9.1043757e-01
   1.7256829e+00
   2.6742724e+00
   3.7609898e+00
   4.9893689e+00
   6.3616209e+00
   7.8785933e+00
   9.5397594e+00
   1.1343240e+01
   1.3285857e+01
   1.5363210e+01
   1.7569783e+01
   1.9899066e+01
   2.2343692e+01
   2.4895581e+01
   2.7546094e+01
   3.0286180e+01
   3.3106516e+01
   3.5997644e+01
   3.8950089e+01
   4.1954459e+01
   4.5001529e+01
   4.8082303e+01
   5.1188058e+01
   5.4310357e+01
   5.7441054e+01
   6.0572267e+01
   6.3696346e+01
   6.6805814e+01
   6.9893307e+01
   7.2951499e+01
   7.5973023e+01
   7.8950396e+01
   8.1875941e+01
   8.4741723e+01
   8.7539489e+01
   9.0260629e+01
   9.2896149e+01
   9.5436665e+01
   9.7872426e+01
   1.0019334e+02
   1.0238907e+02
   1.0444907e+02
   1.0636275e+02
   1.0811956e+02
   1.0970920e+02
   1.1112172e+02
   1.1234773e+02
   1.1337861e+02
   1.1420665e+02
   1.1482524e+02
   1.1522908e+02
   1.1541429e+02
   1.1537856e+02
   1.1512125e+02
   1.1464346e+02
   1.1394806e+02
   1.1303969e+02
   1.1192469e+02
   1.1061104e+02
   1.0910822e+02
   1.0742706e+02
   1.0557955e+02
   1.0357866e+02
   1.0143810e+02
   9.9172090e+01
   9.6795154e+01
   9.4321855e+01
   9.1766589e+01
   8.9143363e+01
   8.6465595e+01
   8.3745927e+01
   8.0996059e+01
   7.8226607e+01
   7.5446978e+01
   7.2665279e+01
   6.9888236e+01
   6.7121155e+01
   6.4367892e+01
   6.1630858e+01
   5.8911042e+01
   5.6208063e+01
   5.3520238e+01
   5.0844676e+01
   4.8177392e+01
   4.5513435e+01
   4.2847045e+01
   4.0171815e+01
   3.7480878e+01
   3.4767100e+01
   3.2023294e+01
   2.9242436e+01
   2.6417897e+01
   2.3543670e+01
   2.0614609e+01
   1.7626658e+01
   1.4577075e+01
   1.1464650e+01
   8.2898988e+00
   5.0552370e+00
   1.7651293e+00
  -1.5737979e+00
  -4.9526804e+00
  -8.3603851e+00
  -1.1783525e+01
  -1.5206527e+01
  -1.8611751e+01
  -2.1979666e+01
  -2.5289079e+01
  -2.8517417e+01
  -3.1641055e+01
  -3.4635695e+01
  -3.7476770e+01
  -4.0139887e+01
  -4.2601276e+01
  -4.4838255e+01
  -4.6829674e+01
  -4.8556351e+01
  -5.0001462e+01
  -5.1150889e+01
  -5.1993506e+01
  -5.2521392e+01
  -5.2729965e+01
  -5.2618038e+01
  -5.2187777e+01
  -5.1444589e+01
  -5.0396927e+01
  -4.9056022e+01
  -4.7435567e+01
  -4.5551349e+01
  -4.3420856e+01
  -4.1062858e+01
  -3.8496993e+01
  -3.5743350e+01
  -3.2822079e+01
  -2.9753022e+01
  -2.6555387e+01
  -2.3247460e+01
  -1.9846361e+01
  -1.6367861e+01
  -1.2826244e+01
  -9.2342160e+00
  -5.6028773e+00
  -1.9417324e+00
   1.7412516e+00
   5.4395481e+00
   9.1479399e+00
   1.2862360e+01
   1.6579710e+01
   2.0297664e+01
   2.4014460e+01
   2.7728694e+01
   3.1439105e+01
   3.5144378e+01
   3.8842950e+01
   4.2532832e+01
   4.6211449e+01
   4.9875500e+01
   5.3520835e+01
   5.7142361e+01
   6.0733971e+01
   6.4288493e+01
   6.7797673e+01
   7.1252180e+01
   7.4641638e+01
   7.7954686e+01
   8.1179064e+01
   8.4301724e+01
   8.7308967e+01
   9.0186600e+01
   9.2920119e+01
   9.5494904e+01
   9.7896433e+01
   1.0011051e+02
   1.0212349e+02
   1.0392254e+02
   1.0549584e+02
   1.0683284e+02
   1.0792449e+02
   1.0876340e+02
   1.0934408e+02
   1.0966305e+02
   1.0971894e+02
   1.0951263e+02
   1.0904723e+02
   1.0832805e+02
   1.0736260e+02
   1.0616040e+02
   1.0473286e+02
   1.0309309e+02
   1.0125562e+02
   9.9236174e+01
   9.7051374e+01
   9.4718439e+01
   9.2254881e+01
   8.9678203e+01
   8.7005607e+01
   8.4253709e+01
   8.1438279e+01
   7.8574006e+01
   7.5674288e+01
   7.2751056e+01
   6.9814626e+01
   6.6873599e+01
   6.3934781e+01
   6.1003153e+01
   5.8081872e+01
   5.5172313e+01
   5.2274136e+01
   4.9385398e+01
   4.6502691e+01
   4.3621309e+01
   4.0735444e+01
   3.7838403e+01
   3.4922852e+01
   3.1981068e+01
   2.9005214e+01
   2.5987620e+01
   2.2921071e+01
   1.9799092e+01
   1.6616237e+01
   1.3368361e+01
   1.0052883e+01
   6.6690241e+00
   3.2180248e+00
  -2.9667417e-01
  -3.8692864e+00
  -7.4915777e+00
  -1.1152813e+01
  -1.4839753e+01
  -1.8536712e+01
  -2.2225669e+01
  -2.5886440e+01
  -2.9496913e+01
  -3.3033333e+01
  -3.6470644e+01
  -3.9782882e+01
  -4.2943599e+01
  -4.5926325e+01
  -4.8705045e+01
  -5.1254688e+01
  -5.3551608e+01
  -5.5574046e+01
  -5.7302567e+01
  -5.8720444e+01
  -5.9813987e+01
  -6.0572807e+01
  -6.0989999e+01
  -6.1062239e+01
  -6.0789799e+01
  -6.0176471e+01
  -5.9229405e+01
  -5.7958884e+01
  -5.6378017e+01
  -5.4502391e+01
  -5.2349676e+01
  -4.9939207e+01
  -4.7291545e+01
  -4.4428042e+01
  -4.1370417e+01
  -3.8140352e+01
  -3.4759117e+01
  -3.1247238e+01
  -2.7624211e+01
  -2.3908263e+01
  -2.0116167e+01
  -1.6263116e+01
  -1.2362643e+01
  -8.4266010e+00
  -4.4651887e+00
  -4.8701995e-01
   3.5007645e+00
   7.4923539e+00
   1.1483096e+01
   1.5469309e+01
   1.9448071e+01
   2.3417017e+01
   2.7374124e+01
   3.1317503e+01
   3.5245205e+01
   3.9155036e+01
   4.3044392e+01
   4.6910105e+01
   5.0748323e+01
   5.4554398e+01
   5.8322806e+01
   6.2047088e+01
   6.5719811e+01
   6.9332561e+01
   7.2875951e+01
   7.6339663e+01
   7.9712506e+01
   8.2982502e+01
   8.6136990e+01
   8.9162756e+01
   9.2046182e+01
   9.4773410e+01
   9.7330527e+01
   9.9703760e+01
   1.0187969e+02
   1.0384546e+02
   1.0558902e+02
   1.0709933e+02
   1.0836657e+02
   1.0938239e+02
   1.1014009e+02
   1.1063477e+02
   1.1086355e+02
   1.1082557e+02
   1.1052221e+02
   1.0995699e+02
   1.0913565e+02
   1.0806603e+02
   1.0675801e+02
   1.0522329e+02
   1.0347527e+02
   1.0152873e+02
   9.9399670e+01
   9.7104934e+01
   9.4661979e+01
   9.2088548e+01
   8.9402373e+01
   8.6620882e+01
   8.3760919e+01
   8.0838482e+01
   7.7868489e+01
   7.4864564e+01
   7.1838857e+01
   6.8801904e+01
   6.5762509e+01
   6.2727675e+01
   5.9702563e+01
   5.6690496e+01
   5.3692989e+01
   5.0709827e+01
   4.7739168e+01
   4.4777681e+01
   4.1820715e+01
   3.8862497e+01
   3.5896348e+01
   3.2914934e+01
   2.9910518e+01
   2.6875244e+01
   2.3801421e+01
   2.0681818e+01
   1.7509960e+01
   1.4280419e+01
   1.0989100e+01
   7.6335096e+00
   4.2129999e+00
   7.2899222e-01
  -2.8148379e+00
  -6.4124138e+00
  -1.0055156e+01
  -1.3731932e+01
  -1.7429058e+01
  -2.1130362e+01
  -2.4817309e+01
  -2.8469182e+01
  -3.2063335e+01
  -3.5575491e+01
  -3.8980108e+01
  -4.2250787e+01
  -4.5360722e+01
  -4.8283181e+01
  -5.0992007e+01
  -5.3462123e+01
  -5.5670033e+01
  -5.7594301e+01
  -5.9215988e+01
  -6.0519052e+01
  -6.1490667e+01
  -6.2121481e+01
  -6.2405786e+01
  -6.2341591e+01
  -6.1930611e+01
  -6.1178159e+01
  -6.0092952e+01
  -5.8686843e+01
  -5.6974483e+01
  -5.4972929e+01
  -5.2701221e+01
  -5.0179922e+01
  -4.7430661e+01
  -4.4475666e+01
  -4.1337322e+01
  -3.8037753e+01
  -3.4598438e+01
  -3.1039878e+01
  -2.7381310e+01
  -2.3640479e+01
  -1.9833472e+01
  -1.5974609e+01
  -1.2076396e+01
  -8.1495345e+00
  -4.2029824e+00
  -2.4406560e-01
   3.7213737e+00
   7.6887930e+00
   1.1654741e+01
   1.5616631e+01
   1.9572506e+01
   2.3520805e+01
   2.7460126e+01
   3.1389013e+01
   3.5305751e+01
   3.9208189e+01
   4.3093575e+01
   4.6958436e+01
   5.0798463e+01
   5.4608440e+01
   5.8382188e+01
   6.2112541e+01
   6.5791345e+01
   6.9409482e+01
   7.2956912e+01
   7.6422744e+01
   7.9795321e+01
   8.3062324e+01
   8.6210897e+01
   8.9227780e+01
   9.2099464e+01
   9.4812351e+01
   9.7352928e+01
   9.9707948e+01
   1.0186462e+02
   1.0381080e+02
   1.0553518e+02
   1.0702750e+02
   1.0827870e+02
   1.0928112e+02
   1.1002868e+02
   1.1051694e+02
   1.1074330e+02
   1.1070704e+02
   1.1040935e+02
   1.0985336e+02
   1.0904409e+02
   1.0798835e+02
   1.0669465e+02
   1.0517302e+02
   1.0343479e+02
   1.0149244e+02
   9.9359283e+01
   9.7049295e+01
   9.4576814e+01
   9.1956333e+01
   8.9202260e+01
   8.6328723e+01
   8.3349385e+01
   8.0277300e+01
   7.7124794e+01
   7.3903388e+01
   7.0623752e+01
   6.7295694e+01
   6.3928189e+01
   6.0529436e+01
   5.7106941e+01
   5.3667627e+01
   5.0217964e+01
   4.6764113e+01
   4.3312074e+01
   3.9867838e+01
   3.6437545e+01
   3.3027616e+01
   2.9644888e+01
   2.6296720e+01
   2.2991079e+01
   1.9736599e+01
   1.6542606e+01
   1.3419111e+01
   1.0376772e+01
   7.4268053e+00
   4.5808756e+00
   1.8509366e+00
  -7.5095457e-01
  -3.2128557e+00
  -5.5231825e+00
  -7.6709696e+00
  -9.6461429e+00
  -1.1439794e+01
  -1.3044445e+01
  -1.4454297e+01
  -1.5665449e+01
  -1.6676071e+01
  -1.7486531e+01
  -1.8099452e+01
  -1.8519707e+01
  -1.8754330e+01
  -1.8812349e+01
  -1.8704542e+01
  -1.8443127e+01
  -1.8041378e+01
  -1.7513210e+01
  -1.6872721e+01
  -1.6133730e+01
  -1.5309318e+01
  -1.4411392e+01
  -1.3450296e+01
  -1.2434465e+01
  -1.1370162e+01
  -1.0261278e+01
  -9.1092230e+00
  -7.9129075e+00
  -6.6688071e+00
  -5.3711215e+00
  -4.0120148e+00
  -2.5819335e+00
  -1.0699892e+00
   5.3560485e-01
   2.2470600e+00
   4.0765183e+00
   6.0355549e+00
   8.1346961e+00
   1.0382969e+01
   1.2787498e+01
   1.5353160e+01
   1.8082302e+01
   2.0974544e+01
   2.4026641e+01
   2.7232428e+01
   3.0582832e+01
   3.4065950e+01
   3.7667187e+01
   4.1369440e+01
   4.5153330e+01
   4.8997463e+01
   5.2878729e+01
   5.6772607e+01
   6.0653494e+01
   6.4495036e+01
   6.8270468e+01
   7.1952945e+01
   7.5515875e+01
   7.8933243e+01
   8.2179923e+01
   8.5231975e+01
   8.8066937e+01
   9.0664090e+01
   9.3004706e+01
   9.5072283e+01
   9.6852745e+01
   9.8334618e+01
   9.9509178e+01
   1.0037056e+02
   1.0091583e+02
   1.0114499e+02
   1.0106102e+02
   1.0066971e+02
   9.9979617e+01
   9.9001870e+01
   9.7749933e+01
   9.6239354e+01
   9.4487461e+01
   9.2513033e+01
   9.0335946e+01
   8.7976811e+01
   8.5456607e+01
   8.2796317e+01
   8.0016574e+01
   7.7137338e+01
   7.4177578e+01
   7.1155004e+01
   6.8085822e+01
   6.4984528e+01
   6.1863750e+01
   5.8734120e+01
   5.5604205e+01
   5.2480466e+01
   4.9367274e+01
   4.6266954e+01
   4.3179882e+01
   4.0104609e+01
   3.7038026e+01
   3.3975555e+01
   3.0911375e+01
   2.7838662e+01
   2.4749858e+01
   2.1636948e+01
   1.8491748e+01
   1.5306201e+01
   1.2072673e+01
   8.7842416e+00
   5.4349819e+00
   2.0202327e+00
  -1.4631509e+00
  -5.0165705e+00
  -8.6394841e+00
  -1.2329239e+01
  -1.6080942e+01
  -1.9887372e+01
  -2.3738935e+01
  -2.7623671e+01
  -3.1527306e+01
  -3.5433364e+01
  -3.9323314e+01
  -4.3176785e+01
  -4.6971814e+01
  -5.0685140e+01
  -5.4292545e+01
  -5.7769213e+01
  -6.1090130e+01
  -6.4230495e+01
  -6.7166140e+01
  -6.9873957e+01
  -7.2332314e+01
  -7.4521456e+01
  -7.6423873e+01
  -7.8024637e+01
  -7.9311684e+01
  -8.0276046e+01
  -8.0912011e+01
  -8.1217216e+01
  -8.1192663e+01
  -8.0842654e+01
  -8.0174656e+01
  -7.9199085e+01
  -7.7929033e+01
  -7.6379930e+01
  -7.4569174e+01
  -7.2515716e+01
  -7.0239635e+01
  -6.7761699e+01
  -6.5102938e+01
  -6.2284229e+01
  -5.9325908e+01
  -5.6247422e+01
  -5.3067018e+01
  -4.9801489e+01
  -4.6465962e+01
  -4.3073754e+01
  -3.9636275e+01
  -3.6162991e+01
  -3.2661439e+01
  -2.9137290e+01
  -2.5594461e+01
  -2.2035267e+01
  -1.8460603e+01
  -1.4870156e+01
  -1.1262642e+01
  -7.6360474e+00
  -3.9878924e+00
  -3.1548216e-01
   3.3838361e+00
   7.1124289e+00
   1.0872144e+01
   1.4664098e+01
   1.8488480e+01
   2.2344385e+01
   2.6229672e+01
   3.0140849e+01
   3.4072991e+01
   3.8019686e+01
   4.1973016e+01
   4.5923562e+01
   4.9860447e+01
   5.3771401e+01
   5.7642860e+01
   6.1460085e+01
   6.5207311e+01
   6.8867915e+01
   7.2424605e+01
   7.5859634e+01
   7.9155017e+01
   8.2292775e+01
   8.5255179e+01
   8.8025006e+01
   9.0585795e+01
   9.2922108e+01
   9.5019772e+01
   9.6866129e+01
   9.8450255e+01
   9.9763163e+01
   1.0079798e+02
   1.0155011e+02
   1.0201729e+02
   1.0219971e+02
   1.0209998e+02
   1.0172315e+02
   1.0107652e+02
   1.0016962e+02
   9.9013916e+01
   9.7622614e+01
   9.6010386e+01
   9.4193055e+01
   9.2187271e+01
   9.0010178e+01
   8.7679079e+01
   8.5211104e+01
   8.2622904e+01
   7.9930368e+01
   7.7148368e+01
   7.4290549e+01
   7.1369151e+01
   6.8394887e+01
   6.5376859e+01
   6.2322530e+01
   5.9237731e+01
   5.6126729e+01
   5.2992323e+01
   4.9835989e+01
   4.6658056e+01
   4.3457914e+01
   4.0234247e+01
   3.6985282e+01
   3.3709055e+01
   3.0403678e+01
   2.7067613e+01
   2.3699927e+01
   2.0300548e+01
   1.6870486e+01
   1.3412036e+01
   9.9289431e+00
   6.4265319e+00
   2.9117872e+00
  -6.0660960e-01
  -4.1182978e+00
  -7.6113087e+00
  -1.1072193e+01
  -1.4486204e+01
  -1.7837532e+01
  -2.1109598e+01
  -2.4285384e+01
  -2.7347813e+01
  -3.0280153e+01
  -3.3066449e+01
  -3.5691959e+01
  -3.8143593e+01
  -4.0410323e+01
  -4.2483570e+01
  -4.4357530e+01
  -4.6029438e+01
  -4.7499749e+01
  -4.8772220e+01
  -4.9853882e+01
  -5.0754903e+01
