   6.5807514e-03
   7.4491603e-03
   8.2102465e-03
   8.8244366e-03
   9.2497753e-03
   9.4425258e-03
   9.3578659e-03
   8.9506735e-03
   8.1763877e-03
   6.9919326e-03
   5.3566819e-03
   3.2334463e-03
   5.8945525e-04
  -2.6026916e-03
  -6.3641339e-03
  -1.0708951e-02
  -1.5643480e-02
  -2.1165792e-02
  -2.7265332e-02
  -3.3922766e-02
  -4.1110043e-02
  -4.8790669e-02
  -5.6920213e-02
  -6.5447006e-02
  -7.4313025e-02
  -8.3454899e-02
  -9.2805024e-02
  -1.0229272e-01
  -1.1184544e-01
  -1.2138991e-01
  -1.3085327e-01
  -1.4016410e-01
  -1.4925328e-01
  -1.5805479e-01
  -1.6650619e-01
  -1.7454911e-01
  -1.8212948e-01
  -1.8919753e-01
  -1.9570776e-01
  -2.0161869e-01
  -2.0689238e-01
  -2.1149403e-01
  -2.1539132e-01
  -2.1855379e-01
  -2.2095220e-01
  -2.2255792e-01
  -2.2334235e-01
  -2.2327645e-01
  -2.2233037e-01
  -2.2047323e-01
  -2.1767308e-01
  -2.1389692e-01
  -2.0911104e-01
  -2.0328140e-01
  -1.9637429e-01
  -1.8835707e-01
  -1.7919916e-01
  -1.6887312e-01
  -1.5735584e-01
  -1.4462986e-01
  -1.3068463e-01
  -1.1551779e-01
  -9.9136345e-02
  -8.1557703e-02
  -6.2810518e-02
  -4.2935342e-02
  -2.1985019e-02
  -2.4807601e-05
   2.2867794e-02
   4.6603540e-02
   7.1082228e-02
   9.6193760e-02
   1.2181943e-01
   1.4783338e-01
   1.7410417e-01
   2.0049636e-01
   2.2687216e-01
   2.5309297e-01
   2.7902093e-01
   3.0452033e-01
   3.2945899e-01
   3.5370952e-01
   3.7715043e-01
   3.9966722e-01
   4.2115328e-01
   4.4151065e-01
   4.6065067e-01
   4.7849448e-01
   4.9497327e-01
   5.1002849e-01
   5.2361189e-01
   5.3568537e-01
   5.4622080e-01
   5.5519973e-01
   5.6261299e-01
   5.6846019e-01
   5.7274922e-01
   5.7549560e-01
   5.7672180e-01
   5.7645652e-01
   5.7473385e-01
   5.7159234e-01
   5.6707399e-01
   5.6122320e-01
   5.5408561e-01
   5.4570695e-01
   5.3613194e-01
   5.2540317e-01
   5.1356002e-01
   5.0063775e-01
   4.8666657e-01
   4.7167090e-01
   4.5566880e-01
   4.3867157e-01
   4.2068356e-01
   4.0170218e-01
   3.8171822e-01
   3.6071634e-01
   3.3867574e-01
   3.1557114e-01
   2.9137395e-01
   2.6605362e-01
   2.3957922e-01
   2.1192124e-01
   1.8305337e-01
   1.5295447e-01
   1.2161044e-01
   8.9016189e-02
   5.5177359e-02
   2.0112042e-02
  -1.6147794e-02
  -5.3555131e-02
  -9.2047057e-02
  -1.3154429e-01
  -1.7195107e-01
  -2.1315552e-01
  -2.5503029e-01
  -2.9743372e-01
  -3.4021126e-01
  -3.8319727e-01
  -4.2621700e-01
  -4.6908877e-01
  -5.1162625e-01
  -5.5364069e-01
  -5.9494312e-01
  -6.3534648e-01
  -6.7466747e-01
  -7.1272831e-01
  -7.4935824e-01
  -7.8439481e-01
  -8.1768500e-01
  -8.4908607e-01
  -8.7846623e-01
  -9.0570511e-01
  -9.3069412e-01
  -9.5333646e-01
  -9.7354716e-01
  -9.9125284e-01
  -1.0063913e+00
  -1.0189113e+00
  -1.0287716e+00
  -1.0359407e+00
  -1.0403958e+00
  -1.0421224e+00
  -1.0411132e+00
  -1.0373676e+00
  -1.0308907e+00
  -1.0216929e+00
  -1.0097890e+00
  -9.9519772e-01
  -9.7794120e-01
  -9.5804455e-01
  -9.3553567e-01
  -9.1044496e-01
  -8.8280534e-01
  -8.5265217e-01
  -8.2002339e-01
  -7.8495964e-01
  -7.4750443e-01
  -7.0770437e-01
  -6.6560947e-01
  -6.2127353e-01
  -5.7475452e-01
  -5.2611515e-01
  -4.7542344e-01
  -4.2275338e-01
  -3.6818561e-01
  -3.1180819e-01
  -2.5371732e-01
  -1.9401818e-01
  -1.3282560e-01
  -7.0264875e-02
  -6.4723350e-03
   5.8404138e-02
   1.2420480e-01
   1.9075795e-01
   2.5788002e-01
   3.2537595e-01
   3.9303974e-01
   4.6065531e-01
   5.2799758e-01
   5.9483389e-01
   6.6092563e-01
   7.2603007e-01
   7.8990243e-01
   8.5229798e-01
   9.1297416e-01
   9.7169273e-01
   1.0282218e+00
   1.0823379e+00
   1.1338277e+00
   1.1824898e+00
   1.2281362e+00
   1.2705938e+00
   1.3097053e+00
   1.3453305e+00
   1.3773468e+00
   1.4056497e+00
   1.4301532e+00
   1.4507899e+00
   1.4675106e+00
   1.4802837e+00
   1.4890952e+00
   1.4939473e+00
   1.4948579e+00
   1.4918592e+00
   1.4849967e+00
   1.4743281e+00
   1.4599217e+00
   1.4418552e+00
   1.4202139e+00
   1.3950898e+00
   1.3665798e+00
   1.3347841e+00
   1.2998052e+00
   1.2617464e+00
   1.2207103e+00
   1.1767981e+00
   1.1301082e+00
   1.0807358e+00
   1.0287719e+00
   9.7430299e-01
   9.1741112e-01
   8.5817379e-01
   7.9666442e-01
   7.3295298e-01
   6.6710694e-01
   5.9919242e-01
   5.2927566e-01
   4.5742461e-01
   3.8371079e-01
   3.0821132e-01
   2.3101105e-01
   1.5220470e-01
   7.1899088e-02
  -9.7849467e-03
  -9.2710719e-02
  -1.7672426e-01
  -2.6165326e-01
  -3.4730650e-01
  -4.3347383e-01
  -5.1992668e-01
  -6.0641906e-01
  -6.9268911e-01
  -7.7846106e-01
  -8.6344755e-01
  -9.4735225e-01
  -1.0298727e+00
  -1.1107033e+00
  -1.1895382e+00
  -1.2660745e+00
  -1.3400150e+00
  -1.4110708e+00
  -1.4789643e+00
  -1.5434306e+00
  -1.6042206e+00
  -1.6611016e+00
  -1.7138596e+00
  -1.7622998e+00
  -1.8062477e+00
  -1.8455492e+00
  -1.8800712e+00
  -1.9097013e+00
  -1.9343470e+00
  -1.9539356e+00
  -1.9684133e+00
  -1.9777441e+00
  -1.9819089e+00
  -1.9809048e+00
  -1.9747439e+00
  -1.9634520e+00
  -1.9470681e+00
  -1.9256427e+00
  -1.8992369e+00
  -1.8679219e+00
  -1.8317770e+00
  -1.7908899e+00
  -1.7453547e+00
  -1.6952722e+00
  -1.6407487e+00
  -1.5818957e+00
  -1.5188295e+00
  -1.4516714e+00
  -1.3805470e+00
  -1.3055866e+00
  -1.2269254e+00
  -1.1447036e+00
  -1.0590669e+00
  -9.7016686e-01
  -8.7816173e-01
  -7.8321698e-01
  -6.8550618e-01
  -5.8521193e-01
  -4.8252665e-01
  -3.7765354e-01
  -2.7080736e-01
  -1.6221510e-01
  -5.2116589e-02
   5.9235169e-02
   1.7157384e-01
   2.8461983e-01
   3.9808060e-01
   5.1165127e-01
   6.2501545e-01
   7.3784643e-01
   8.4980851e-01
   9.6055870e-01
   1.0697486e+00
   1.1770263e+00
   1.2820390e+00
   1.3844349e+00
   1.4838660e+00
   1.5799905e+00
   1.6724751e+00
   1.7609976e+00
   1.8452492e+00
   1.9249364e+00
   1.9997833e+00
   2.0695335e+00
   2.1339511e+00
   2.1928229e+00
   2.2459586e+00
   2.2931926e+00
   2.3343838e+00
   2.3694161e+00
   2.3981989e+00
   2.4206664e+00
   2.4367774e+00
   2.4465149e+00
   2.4498849e+00
   2.4469158e+00
   2.4376571e+00
   2.4221780e+00
   2.4005660e+00
   2.3729254e+00
   2.3393758e+00
   2.3000500e+00
   2.2550930e+00
   2.2046593e+00
   2.1489120e+00
   2.0880204e+00
   2.0221589e+00
   1.9515047e+00
   1.8762373e+00
   1.7965363e+00
   1.7125814e+00
   1.6245506e+00
   1.5326200e+00
   1.4369637e+00
   1.3377529e+00
   1.2351567e+00
   1.1293422e+00
   1.0204752e+00
   9.0872125e-01
   7.9424719e-01
   6.7722245e-01
   5.5782104e-01
   4.3622353e-01
   3.1261911e-01
   1.8720772e-01
   6.0202039e-02
  -6.8170659e-02
  -1.9766698e-01
  -3.2802621e-01
  -4.5896954e-01
  -5.9019974e-01
  -7.2140124e-01
  -8.5224081e-01
  -9.8236848e-01
  -1.1114192e+00
  -1.2390146e+00
  -1.3647654e+00
  -1.4882745e+00
  -1.6091391e+00
  -1.7269550e+00
  -1.8413189e+00
  -1.9518328e+00
  -2.0581063e+00
  -2.1597608e+00
  -2.2564319e+00
  -2.3477724e+00
  -2.4334551e+00
  -2.5131745e+00
  -2.5866495e+00
  -2.6536241e+00
  -2.7138697e+00
  -2.7671849e+00
  -2.8133967e+00
  -2.8523605e+00
  -2.8839600e+00
  -2.9081066e+00
  -2.9247390e+00
  -2.9338223e+00
  -2.9353468e+00
  -2.9293267e+00
  -2.9157993e+00
  -2.8948229e+00
  -2.8664759e+00
  -2.8308551e+00
  -2.7880746e+00
  -2.7382640e+00
  -2.6815673e+00
  -2.6181418e+00
  -2.5481566e+00
  -2.4717915e+00
  -2.3892357e+00
  -2.3006872e+00
  -2.2063514e+00
  -2.1064402e+00
  -2.0011716e+00
  -1.8907687e+00
  -1.7754594e+00
  -1.6554759e+00
  -1.5310552e+00
  -1.4024389e+00
  -1.2698736e+00
  -1.1336117e+00
  -9.9391200e-01
  -8.5104069e-01
  -7.0527228e-01
  -5.5689066e-01
  -4.0619017e-01
  -2.5347653e-01
  -9.9067702e-02
   5.6705376e-02
   2.1349835e-01
   3.7095317e-01
   5.2869824e-01
   6.8634871e-01
   8.4350724e-01
   9.9976497e-01
   1.1547028e+00
   1.3078929e+00
   1.4589006e+00
   1.6072863e+00
   1.7526080e+00
   1.8944234e+00
   2.0322931e+00
   2.1657830e+00
   2.2944673e+00
   2.4179310e+00
   2.5357730e+00
   2.6476081e+00
   2.7530694e+00
   2.8518108e+00
   2.9435082e+00
   3.0278616e+00
   3.1045963e+00
   3.1734638e+00
   3.2342432e+00
   3.2867416e+00
   3.3307945e+00
   3.3662658e+00
   3.3930479e+00
   3.4110611e+00
   3.4202533e+00
   3.4205992e+00
   3.4120998e+00
   3.3947809e+00
   3.3686929e+00
   3.3339095e+00
   3.2905265e+00
   3.2386615e+00
   3.1784523e+00
   3.1100560e+00
   3.0336484e+00
   2.9494228e+00
   2.8575895e+00
   2.7583746e+00
   2.6520203e+00
   2.5387839e+00
   2.4189374e+00
   2.2927677e+00
   2.1605763e+00
   2.0226791e+00
   1.8794064e+00
   1.7311026e+00
   1.5781261e+00
   1.4208491e+00
   1.2596567e+00
   1.0949460e+00
   9.2712553e-01
   7.5661341e-01
   5.8383602e-01
   4.0922620e-01
   2.3322147e-01
   5.6262076e-02
  -1.2121081e-01
  -2.9875702e-01
  -4.7593912e-01
  -6.5232408e-01
  -8.2748479e-01
  -1.0010013e+00
  -1.1724618e+00
  -1.3414635e+00
  -1.5076131e+00
  -1.6705268e+00
  -1.8298308e+00
  -1.9851609e+00
  -2.1361621e+00
  -2.2824884e+00
  -2.4238021e+00
  -2.5597738e+00
  -2.6900812e+00
  -2.8144094e+00
  -2.9324507e+00
  -3.0439040e+00
  -3.1484758e+00
  -3.2458798e+00
  -3.3358385e+00
  -3.4180838e+00
  -3.4923584e+00
  -3.5584173e+00
  -3.6160295e+00
  -3.6649800e+00
  -3.7050712e+00
  -3.7361255e+00
  -3.7579864e+00
  -3.7705208e+00
  -3.7736202e+00
  -3.7672026e+00
  -3.7512131e+00
  -3.7256255e+00
  -3.6904431e+00
  -3.6456985e+00
  -3.5914548e+00
  -3.5278049e+00
  -3.4548715e+00
  -3.3728063e+00
  -3.2817898e+00
  -3.1820300e+00
  -3.0737615e+00
  -2.9572444e+00
  -2.8327632e+00
  -2.7006260e+00
  -2.5611624e+00
  -2.4147232e+00
  -2.2616787e+00
  -2.1024173e+00
  -1.9373442e+00
  -1.7668802e+00
  -1.5914594e+00
  -1.4115287e+00
  -1.2275451e+00
  -1.0399751e+00
  -8.4929263e-01
  -6.5597757e-01
  -4.6051464e-01
  -2.6339196e-01
  -6.5099886e-02
   1.3387004e-01
   3.3302614e-01
   5.3187754e-01
   7.2993505e-01
   9.2671193e-01
   1.1217247e+00
   1.3144937e+00
   1.5045440e+00
   1.6914059e+00
   1.8746157e+00
   2.0537162e+00
   2.2282575e+00
   2.3977976e+00
   2.5619030e+00
   2.7201499e+00
   2.8721251e+00
   3.0174268e+00
   3.1556665e+00
   3.2864697e+00
   3.4094782e+00
   3.5243510e+00
   3.6307661e+00
   3.7284222e+00
   3.8170399e+00
   3.8963630e+00
   3.9661601e+00
   4.0262252e+00
   4.0763791e+00
   4.1164698e+00
   4.1463733e+00
   4.1659942e+00
   4.1752658e+00
   4.1741501e+00
   4.1626381e+00
   4.1407495e+00
   4.1085319e+00
   4.0660612e+00
   4.0134399e+00
   3.9507970e+00
   3.8782866e+00
   3.7960871e+00
   3.7044002e+00
   3.6034493e+00
   3.4934790e+00
   3.3747537e+00
   3.2475565e+00
   3.1121884e+00
   2.9689672e+00
   2.8182268e+00
   2.6603161e+00
   2.4955984e+00
   2.3244507e+00
   2.1472628e+00
   1.9644365e+00
   1.7763855e+00
   1.5835337e+00
   1.3863157e+00
   1.1851750e+00
   9.8056421e-01
   7.7294355e-01
   5.6278065e-01
   3.5054969e-01
   1.3673079e-01
  -7.8190578e-02
  -2.9372409e-01
  -5.0937514e-01
  -7.2464540e-01
  -9.3903335e-01
  -1.1520349e+00
  -1.3631441e+00
  -1.5718537e+00
  -1.7776558e+00
  -1.9800427e+00
  -2.1785076e+00
  -2.3725460e+00
  -2.5616562e+00
  -2.7453409e+00
  -2.9231086e+00
  -3.0944752e+00
  -3.2589656e+00
  -3.4161157e+00
  -3.5654743e+00
  -3.7066055e+00
  -3.8390906e+00
  -3.9625307e+00
  -4.0765491e+00
  -4.1807932e+00
  -4.2749374e+00
  -4.3586848e+00
  -4.4317693e+00
  -4.4939576e+00
  -4.5450509e+00
  -4.5848860e+00
  -4.6133368e+00
  -4.6303148e+00
  -4.6357700e+00
  -4.6296903e+00
  -4.6121020e+00
  -4.5830684e+00
  -4.5426892e+00
  -4.4910993e+00
  -4.4284666e+00
  -4.3549902e+00
  -4.2708982e+00
  -4.1764450e+00
  -4.0719089e+00
  -3.9575888e+00
  -3.8338018e+00
  -3.7008800e+00
  -3.5591681e+00
  -3.4090204e+00
  -3.2507992e+00
  -3.0848723e+00
  -2.9116118e+00
  -2.7313931e+00
  -2.5445936e+00
  -2.3515930e+00
  -2.1527728e+00
  -1.9485172e+00
  -1.7392136e+00
  -1.5252538e+00
  -1.3070356e+00
  -1.0849643e+00
  -8.5945491e-01
  -6.3093395e-01
  -3.9984200e-01
  -1.6663581e-01
   6.8209361e-02
   3.0419765e-01
   5.4081071e-01
   7.7750605e-01
   1.0137159e+00
   1.2488465e+00
   1.4822780e+00
   1.7133649e+00
   1.9414377e+00
   2.1658045e+00
   2.3857547e+00
   2.6005625e+00
   2.8094919e+00
   3.0118027e+00
   3.2067576e+00
   3.3936295e+00
   3.5717106e+00
   3.7403213e+00
   3.8988206e+00
   4.0466157e+00
   4.1831734e+00
   4.3080298e+00
   4.4208013e+00
   4.5211940e+00
   4.6090128e+00
   4.6841694e+00
   4.7466884e+00
   4.7967130e+00
   4.8345075e+00
   4.8604589e+00
   4.8750755e+00
   4.8789836e+00
   4.8729214e+00
   4.8577307e+00
   4.8343454e+00
   4.8037785e+00
   4.7671055e+00
   4.7254467e+00
   4.6799473e+00
   4.6317555e+00
   4.5820007e+00
   4.5317706e+00
   4.4820883e+00
   4.4338913e+00
   4.3880107e+00
   4.3451545e+00
   4.3058924e+00
   4.2706454e+00
   4.2396800e+00
   4.2131070e+00
