  -6.1284041e-03
  -5.2519525e-03
  -4.1282674e-03
  -2.7555731e-03
  -1.1384203e-03
   7.1162601e-04
   2.7753952e-03
   5.0256444e-03
   7.4267440e-03
   9.9345450e-03
   1.2496453e-02
   1.5051734e-02
   1.7532080e-02
   1.9862437e-02
   2.1962130e-02
   2.3746279e-02
   2.5127506e-02
   2.6017939e-02
   2.6331486e-02
   2.5986367e-02
   2.4907862e-02
   2.3031236e-02
   2.0304800e-02
   1.6693028e-02
   1.2179678e-02
   6.7708222e-03
   4.9771814e-04
  -6.5805871e-03
  -1.4375005e-02
  -2.2764609e-02
  -3.1595391e-02
  -4.0679664e-02
  -4.9796201e-02
  -5.8691199e-02
  -6.7080119e-02
  -7.4650477e-02
  -8.1065607e-02
  -8.5969413e-02
  -8.8992098e-02
  -8.9756831e-02
  -8.7887282e-02
  -8.3015924e-02
  -7.4792968e-02
  -6.2895760e-02
  -4.7038454e-02
  -2.6981714e-02
  -2.5422037e-03
   2.6398418e-02
   5.9885293e-02
   9.7883249e-02
   1.4027108e-01
   1.8683750e-01
   2.3727908e-01
   2.9120029e-01
   3.4811599e-01
   4.0745627e-01
   4.6857382e-01
   5.3075363e-01
   5.9322484e-01
   6.5517430e-01
   7.1576132e-01
   7.7413286e-01
   8.2943824e-01
   8.8084273e-01
   9.2753986e-01
   9.6876302e-01
   1.0037974e+00
   1.0319918e+00
   1.0527709e+00
   1.0656441e+00
   1.0702142e+00
   1.0661826e+00
   1.0533548e+00
   1.0316440e+00
   1.0010737e+00
   9.6177759e-01
   9.1399631e-01
   8.5807179e-01
   7.9443910e-01
   7.2361715e-01
   6.4619863e-01
   5.6283934e-01
   4.7424700e-01
   3.8116961e-01
   2.8438363e-01
   1.8468235e-01
   8.2864424e-02
  -2.0277503e-02
  -1.2396810e-01
  -2.2745965e-01
  -3.3004081e-01
  -4.3104355e-01
  -5.2984884e-01
  -6.2589113e-01
  -7.1866156e-01
  -8.0770991e-01
  -8.9264566e-01
  -9.7313838e-01
  -1.0489177e+00
  -1.1197729e+00
  -1.1855515e+00
  -1.2461565e+00
  -1.3015427e+00
  -1.3517109e+00
  -1.3967015e+00
  -1.4365869e+00
  -1.4714638e+00
  -1.5014461e+00
  -1.5266573e+00
  -1.5472253e+00
  -1.5632783e+00
  -1.5749438e+00
  -1.5823479e+00
  -1.5856154e+00
  -1.5848671e+00
  -1.5802156e+00
  -1.5717600e+00
  -1.5595811e+00
  -1.5437390e+00
  -1.5242719e+00
  -1.5011972e+00
  -1.4745142e+00
  -1.4442086e+00
  -1.4102570e+00
  -1.3726328e+00
  -1.3313113e+00
  -1.2862754e+00
  -1.2375198e+00
  -1.1850559e+00
  -1.1289148e+00
  -1.0691504e+00
  -1.0058415e+00
  -9.3909441e-01
  -8.6904633e-01
  -7.9587050e-01
  -7.1978100e-01
  -6.4103552e-01
  -5.5993420e-01
  -4.7681387e-01
  -3.9203846e-01
  -3.0598755e-01
  -2.1904557e-01
  -1.3159312e-01
  -4.4001239e-02
   4.3372063e-02
   1.3018385e-01
   2.1610796e-01
   3.0083735e-01
   3.8408788e-01
   4.6560348e-01
   5.4516215e-01
   6.2258186e-01
   6.9772499e-01
   7.7050014e-01
   8.4086000e-01
   9.0879515e-01
   9.7432447e-01
   1.0374840e+00
   1.0983165e+00
   1.1568630e+00
   1.2131563e+00
   1.2672157e+00
   1.3190419e+00
   1.3686129e+00
   1.4158797e+00
   1.4607627e+00
   1.5031503e+00
   1.5428973e+00
   1.5798261e+00
   1.6137293e+00
   1.6443732e+00
   1.6715031e+00
   1.6948491e+00
   1.7141329e+00
   1.7290761e+00
   1.7394093e+00
   1.7448811e+00
   1.7452654e+00
   1.7403669e+00
   1.7300242e+00
   1.7141108e+00
   1.6925363e+00
   1.6652472e+00
   1.6322286e+00
   1.5935061e+00
   1.5491474e+00
   1.4992631e+00
   1.4440080e+00
   1.3835813e+00
   1.3182273e+00
   1.2482339e+00
   1.1739309e+00
   1.0956864e+00
   1.0139035e+00
   9.2901592e-01
   8.4148260e-01
   7.5178073e-01
   6.6039732e-01
   5.6782012e-01
   4.7452881e-01
   3.8098706e-01
   2.8763587e-01
   1.9488853e-01
   1.0312705e-01
   1.2700076e-02
  -7.6077854e-02
  -1.6292622e-01
  -2.4759770e-01
  -3.2987711e-01
  -4.0958030e-01
  -4.8655330e-01
  -5.6067193e-01
  -6.3184174e-01
  -6.9999829e-01
  -7.6510748e-01
  -8.2716527e-01
  -8.8619635e-01
  -9.4225106e-01
  -9.9540086e-01
  -1.0457329e+00
  -1.0933453e+00
  -1.1383427e+00
  -1.1808338e+00
  -1.2209293e+00
  -1.2587415e+00
  -1.2943844e+00
  -1.3279754e+00
  -1.3596357e+00
  -1.3894910e+00
  -1.4176703e+00
  -1.4443038e+00
  -1.4695201e+00
  -1.4934434e+00
  -1.5161911e+00
  -1.5378710e+00
  -1.5585767e+00
  -1.5783836e+00
  -1.5973423e+00
  -1.6154739e+00
  -1.6327640e+00
  -1.6491585e+00
  -1.6645593e+00
  -1.6788210e+00
  -1.6917487e+00
  -1.7030976e+00
  -1.7125750e+00
  -1.7198434e+00
  -1.7245253e+00
  -1.7262098e+00
  -1.7244623e+00
  -1.7188357e+00
  -1.7088827e+00
  -1.6941678e+00
  -1.6742792e+00
  -1.6488386e+00
  -1.6175100e+00
  -1.5800070e+00
  -1.5360996e+00
  -1.4856207e+00
  -1.4284717e+00
  -1.3646276e+00
  -1.2941396e+00
  -1.2171358e+00
  -1.1338191e+00
  -1.0444637e+00
  -9.4941023e-01
  -8.4905933e-01
  -7.4386392e-01
  -6.3431968e-01
  -5.2095411e-01
  -4.0431508e-01
  -2.8496044e-01
  -1.6344923e-01
  -4.0335191e-02
   8.3838072e-02
   2.0854031e-01
   3.3325691e-01
   4.5749069e-01
   5.8076358e-01
   7.0261868e-01
   8.2262282e-01
   9.4036984e-01
   1.0554843e+00
   1.1676255e+00
   1.2764904e+00
   1.3818156e+00
   1.4833767e+00
   1.5809840e+00
   1.6744774e+00
   1.7637189e+00
   1.8485863e+00
   1.9289679e+00
   2.0047576e+00
   2.0758486e+00
   2.1421276e+00
   2.2034675e+00
   2.2597226e+00
   2.3107238e+00
   2.3562757e+00
   2.3961564e+00
   2.4301190e+00
   2.4578960e+00
   2.4792067e+00
   2.4937640e+00
   2.5012828e+00
   2.5014870e+00
   2.4941161e+00
   2.4789323e+00
   2.4557268e+00
   2.4243262e+00
   2.3845996e+00
   2.3364659e+00
   2.2799020e+00
   2.2149507e+00
   2.1417285e+00
   2.0604318e+00
   1.9713438e+00
   1.8748379e+00
   1.7713802e+00
   1.6615286e+00
   1.5459283e+00
   1.4253042e+00
   1.3004502e+00
   1.1722155e+00
   1.0414892e+00
   9.0918440e-01
   7.7622163e-01
   6.4351205e-01
   5.1194059e-01
   3.8234935e-01
   2.5552278e-01
   1.3217478e-01
   1.2938200e-02
  -1.0164371e-01
  -2.1112349e-01
  -3.1515302e-01
  -4.1348427e-01
  -5.0596757e-01
  -5.9254799e-01
  -6.7326025e-01
  -7.4822268e-01
  -8.1763033e-01
  -8.8174714e-01
  -9.4089708e-01
  -9.9545362e-01
  -1.0458273e+00
  -1.0924517e+00
  -1.1357681e+00
  -1.1762110e+00
  -1.2141940e+00
  -1.2500974e+00
  -1.2842559e+00
  -1.3169501e+00
  -1.3484001e+00
  -1.3787625e+00
  -1.4081309e+00
  -1.4365377e+00
  -1.4639577e+00
  -1.4903126e+00
  -1.5154763e+00
  -1.5392814e+00
  -1.5615245e+00
  -1.5819711e+00
  -1.6003604e+00
  -1.6164112e+00
  -1.6298283e+00
  -1.6403105e+00
  -1.6475594e+00
  -1.6512884e+00
  -1.6512327e+00
  -1.6471597e+00
  -1.6388775e+00
  -1.6262416e+00
  -1.6091574e+00
  -1.5875797e+00
  -1.5615083e+00
  -1.5309823e+00
  -1.4960733e+00
  -1.4568798e+00
  -1.4135217e+00
  -1.3661381e+00
  -1.3148844e+00
  -1.2599319e+00
  -1.2014663e+00
  -1.1396868e+00
  -1.0748048e+00
  -1.0070423e+00
  -9.3662998e-01
  -8.6380574e-01
  -7.8881282e-01
  -7.1189853e-01
  -6.3331335e-01
  -5.5331013e-01
  -4.7214268e-01
  -3.9006333e-01
  -3.0731992e-01
  -2.2415321e-01
  -1.4079597e-01
  -5.7474429e-02
   2.5588120e-02
   1.0816691e-01
   1.9003241e-01
   2.7094959e-01
   3.5068007e-01
   4.2898670e-01
   5.0563954e-01
   5.8042199e-01
   6.5313599e-01
   7.2360509e-01
   7.9167531e-01
   8.5721404e-01
   9.2010816e-01
   9.8026159e-01
   1.0375926e+00
   1.0920305e+00
   1.1435126e+00
   1.1919806e+00
   1.2373774e+00
   1.2796445e+00
   1.3187202e+00
   1.3545396e+00
   1.3870354e+00
   1.4161402e+00
   1.4417884e+00
   1.4639180e+00
   1.4824697e+00
   1.4973866e+00
   1.5086132e+00
   1.5160958e+00
   1.5197857e+00
   1.5196428e+00
   1.5156385e+00
   1.5077585e+00
   1.4960036e+00
   1.4803899e+00
   1.4609486e+00
   1.4377246e+00
   1.4107741e+00
   1.3801613e+00
   1.3459544e+00
   1.3082219e+00
   1.2670308e+00
   1.2224457e+00
   1.1745298e+00
   1.1233477e+00
   1.0689673e+00
   1.0114633e+00
   9.5091872e-01
   8.8742714e-01
   8.2109262e-01
   7.5202940e-01
   6.8036151e-01
   6.0622403e-01
   5.2976691e-01
   4.5116167e-01
   3.7060959e-01
   2.8834957e-01
   2.0466402e-01
   1.1988195e-01
   3.4379401e-02
  -5.1422754e-02
  -1.3706312e-01
  -2.2204610e-01
  -3.0584986e-01
  -3.8793580e-01
  -4.6775905e-01
  -5.4477976e-01
  -6.1847450e-01
  -6.8834733e-01
  -7.5393954e-01
  -8.1483779e-01
  -8.7068069e-01
  -9.2116457e-01
  -9.6604981e-01
  -1.0051678e+00
  -1.0384278e+00
  -1.0658216e+00
  -1.0874252e+00
  -1.1033958e+00
  -1.1139661e+00
  -1.1194350e+00
  -1.1201580e+00
  -1.1165367e+00
  -1.1090074e+00
  -1.0980305e+00
  -1.0840789e+00
  -1.0676267e+00
  -1.0491376e+00
  -1.0290541e+00
  -1.0077872e+00
  -9.8570698e-01
  -9.6313693e-01
  -9.4035006e-01
  -9.1756881e-01
  -8.9496637e-01
  -8.7266892e-01
  -8.5075848e-01
  -8.2927660e-01
  -8.0822929e-01
  -7.8759321e-01
  -7.6732301e-01
  -7.4735927e-01
  -7.2763624e-01
  -7.0808835e-01
  -6.8865470e-01
  -6.6928111e-01
  -6.4992034e-01
  -6.3053115e-01
  -6.1107684e-01
  -5.9152307e-01
  -5.7183532e-01
  -5.5197613e-01
  -5.3190254e-01
  -5.1156407e-01
  -4.9090124e-01
  -4.6984460e-01
  -4.4831432e-01
  -4.2622070e-01
  -4.0346602e-01
  -3.7994768e-01
  -3.5556211e-01
  -3.3020868e-01
  -3.0379333e-01
  -2.7623180e-01
  -2.4745281e-01
  -2.1740129e-01
  -1.8604170e-01
  -1.5336157e-01
  -1.1937488e-01
  -8.4125365e-02
  -4.7689233e-02
  -1.0177111e-02
   2.8265232e-02
   6.7457746e-02
   1.0718899e-01
   1.4722135e-01
   1.8729861e-01
   2.2715528e-01
   2.6652654e-01
   3.0515776e-01
   3.4281267e-01
   3.7928010e-01
   4.1437899e-01
   4.4796187e-01
   4.7991636e-01
   5.1016457e-01
   5.3866033e-01
   5.6538450e-01
   5.9033908e-01
   6.1354103e-01
   6.3501636e-01
   6.5479518e-01
   6.7290788e-01
   6.8938254e-01
   7.0424344e-01
   7.1751029e-01
   7.2919798e-01
   7.3931673e-01
   7.4787264e-01
   7.5486820e-01
   7.6030183e-01
   7.6416605e-01
   7.6644449e-01
   7.6710860e-01
   7.6611494e-01
   7.6340396e-01
   7.5890065e-01
   7.5251736e-01
   7.4415863e-01
   7.3372777e-01
   7.2113439e-01
   7.0630216e-01
   6.8917548e-01
   6.6972431e-01
   6.4794663e-01
   6.2386898e-01
   5.9754594e-01
   5.6905875e-01
   5.3851332e-01
   5.0603749e-01
   4.7177795e-01
   4.3589717e-01
   3.9857069e-01
   3.5998475e-01
   3.2033434e-01
   2.7982127e-01
   2.3865206e-01
   1.9703508e-01
   1.5517679e-01
   1.1327735e-01
   7.1526182e-02
   3.0098494e-02
  -1.0846741e-02
  -5.1167378e-02
  -9.0737735e-02
  -1.2944785e-01
  -1.6720248e-01
  -2.0391980e-01
  -2.3952976e-01
  -2.7397272e-01
  -3.0719856e-01
  -3.3916634e-01
  -3.6984395e-01
  -3.9920756e-01
  -4.2724093e-01
  -4.5393489e-01
  -4.7928712e-01
  -5.0330246e-01
  -5.2599347e-01
  -5.4738123e-01
  -5.6749576e-01
  -5.8637562e-01
  -6.0406649e-01
  -6.2061880e-01
  -6.3608536e-01
  -6.5051952e-01
  -6.6397354e-01
  -6.7649632e-01
  -6.8812989e-01
  -6.9890472e-01
  -7.0883470e-01
  -7.1791271e-01
  -7.2610748e-01
  -7.3336242e-01
  -7.3959648e-01
  -7.4470711e-01
  -7.4857510e-01
  -7.5107062e-01
  -7.5205965e-01
  -7.5140988e-01
  -7.4899502e-01
  -7.4469746e-01
  -7.3840950e-01
  -7.3003406e-01
  -7.1948533e-01
  -7.0668913e-01
  -6.9158320e-01
  -6.7411742e-01
  -6.5425425e-01
  -6.3196931e-01
  -6.0725214e-01
  -5.8010642e-01
  -5.5054971e-01
  -5.1861245e-01
  -4.8433680e-01
  -4.4777567e-01
  -4.0899237e-01
  -3.6806099e-01
  -3.2506757e-01
  -2.8011184e-01
  -2.3330918e-01
  -1.8479238e-01
  -1.3471279e-01
  -8.3240369e-02
  -3.0563067e-02
   2.3114032e-02
   7.7569147e-02
   1.3256383e-01
   1.8784306e-01
   2.4313622e-01
   2.9815927e-01
   3.5261816e-01
   4.0621274e-01
   4.5864038e-01
   5.0959895e-01
   5.5878918e-01
   6.0591656e-01
   6.5069296e-01
   6.9283784e-01
   7.3207889e-01
   7.6815204e-01
   8.0080106e-01
   8.2977730e-01
   8.5484012e-01
   8.7575847e-01
   8.9231361e-01
   9.0430305e-01
   9.1154539e-01
   9.1388613e-01
   9.1120459e-01
   9.0342105e-01
   8.9050354e-01
   8.7247328e-01
   8.4940889e-01
   8.2144992e-01
   7.8880021e-01
   7.5173156e-01
   7.1058765e-01
   6.6578812e-01
   6.1783213e-01
   5.6730073e-01
   5.1485682e-01
   4.6124141e-01
   4.0726491e-01
   3.5379185e-01
   3.0171877e-01
   2.5194539e-01
