   1.9407416e+00
   1.7714387e+00
   1.5346733e+00
   1.2281311e+00
   8.5103963e-01
   4.0438600e-01
  -1.0888467e-01
  -6.8369631e-01
  -1.3127031e+00
  -1.9861928e+00
  -2.6920396e+00
  -3.4157149e+00
  -4.1403629e+00
  -4.8469473e+00
  -5.5144741e+00
  -6.1202959e+00
  -6.6404989e+00
  -7.0503737e+00
  -7.3249693e+00
  -7.4397251e+00
  -7.3711775e+00
  -7.0977289e+00
  -6.6004712e+00
  -5.8640470e+00
  -4.8775340e+00
  -3.6353311e+00
  -2.1380255e+00
  -3.9321770e-01
   1.5837235e+00
   3.7690006e+00
   6.1298505e+00
   8.6241584e+00
   1.1200250e+01
   1.3796887e+01
   1.6343489e+01
   1.8760601e+01
   2.0960625e+01
   2.2848826e+01
   2.4324606e+01
   2.5283065e+01
   2.5616817e+01
   2.5218057e+01
   2.3980837e+01
   2.1803535e+01
   1.8591447e+01
   1.4259459e+01
   8.7347401e+00
   1.9593689e+00
  -6.1071741e+00
  -1.5485734e+01
  -2.6175516e+01
  -3.8152518e+01
  -5.1368435e+01
  -6.5750125e+01
  -8.1199691e+01
  -9.7595249e+01
  -1.1479239e+02
  -1.3262637e+02
  -1.5091500e+02
  -1.6946211e+02
  -1.8806165e+02
  -2.0650207e+02
  -2.2457098e+02
  -2.4205983e+02
  -2.5876836e+02
  -2.7450884e+02
  -2.8910978e+02
  -3.0241912e+02
  -3.1430685e+02
  -3.2466692e+02
  -3.3341854e+02
  -3.4050680e+02
  -3.4590263e+02
  -3.4960231e+02
  -3.5162631e+02
  -3.5201787e+02
  -3.5084105e+02
  -3.4817862e+02
  -3.4412971e+02
  -3.3880727e+02
  -3.3233547e+02
  -3.2484705e+02
  -3.1648070e+02
  -3.0737842e+02
  -2.9768299e+02
  -2.8753556e+02
  -2.7707336e+02
  -2.6642766e+02
  -2.5572188e+02
  -2.4507005e+02
  -2.3457553e+02
  -2.2433001e+02
  -2.1441286e+02
  -2.0489076e+02
  -1.9581761e+02
  -1.8723471e+02
  -1.7917123e+02
  -1.7164479e+02
  -1.6466230e+02
  -1.5822093e+02
  -1.5230912e+02
  -1.4690779e+02
  -1.4199141e+02
  -1.3752930e+02
  -1.3348673e+02
  -1.2982608e+02
  -1.2650793e+02
  -1.2349207e+02
  -1.2073837e+02
  -1.1820764e+02
  -1.1586230e+02
  -1.1366699e+02
  -1.1158905e+02
  -1.0959886e+02
  -1.0767012e+02
  -1.0578001e+02
  -1.0390925e+02
  -1.0204210e+02
  -1.0016622e+02
  -9.8272588e+01
  -9.6355208e+01
  -9.4410901e+01
  -9.2438990e+01
  -9.0440982e+01
  -8.8420233e+01
  -8.6381607e+01
  -8.4331135e+01
  -8.2275688e+01
  -8.0222665e+01
  -7.8179717e+01
  -7.6154486e+01
  -7.4154382e+01
  -7.2186402e+01
  -7.0256962e+01
  -6.8371782e+01
  -6.6535782e+01
  -6.4753022e+01
  -6.3026665e+01
  -6.1358965e+01
  -5.9751279e+01
  -5.8204105e+01
  -5.6717131e+01
  -5.5289307e+01
  -5.3918926e+01
  -5.2603714e+01
  -5.1340930e+01
  -5.0127464e+01
  -4.8959939e+01
  -4.7834812e+01
  -4.6748470e+01
  -4.5697323e+01
  -4.4677888e+01
  -4.3686856e+01
  -4.2721164e+01
  -4.1778035e+01
  -4.0855024e+01
  -3.9950048e+01
  -3.9061404e+01
  -3.8187777e+01
  -3.7328243e+01
  -3.6482255e+01
  -3.5649628e+01
  -3.4830511e+01
  -3.4025352e+01
  -3.3234862e+01
  -3.2459961e+01
  -3.1701732e+01
  -3.0961360e+01
  -3.0240077e+01
  -2.9539096e+01
  -2.8859555e+01
  -2.8202462e+01
  -2.7568638e+01
  -2.6958671e+01
  -2.6372872e+01
  -2.5811232e+01
  -2.5273389e+01
  -2.4758595e+01
  -2.4265694e+01
  -2.3793102e+01
  -2.3338802e+01
  -2.2900353e+01
  -2.2474902e+01
  -2.2059219e+01
  -2.1649733e+01
  -2.1242588e+01
  -2.0833705e+01
  -2.0418856e+01
  -1.9993756e+01
  -1.9554164e+01
  -1.9095986e+01
  -1.8615399e+01
  -1.8108975e+01
  -1.7573805e+01
  -1.7007626e+01
  -1.6408948e+01
  -1.5777167e+01
  -1.5112678e+01
  -1.4416974e+01
  -1.3692731e+01
  -1.2943879e+01
  -1.2175648e+01
  -1.1394594e+01
  -1.0608585e+01
  -9.8267679e+00
  -9.0594813e+00
  -8.3181408e+00
  -7.6150754e+00
  -6.9633267e+00
  -6.3764057e+00
  -5.8680120e+00
  -5.4517120e+00
  -5.1405796e+00
  -4.9467998e+00
  -4.8812407e+00
  -4.9530003e+00
  -5.1689374e+00
  -5.5331966e+00
  -6.0467370e+00
  -6.7068779e+00
  -7.5068713e+00
  -8.4355157e+00
  -9.4768241e+00
  -1.0609761e+01
  -1.1808066e+01
  -1.3040171e+01
  -1.4269238e+01
  -1.5453313e+01
  -1.6545619e+01
  -1.7494993e+01
  -1.8246469e+01
  -1.8742017e+01
  -1.8921422e+01
  -1.8723301e+01
  -1.8086252e+01
  -1.6950100e+01
  -1.5257233e+01
  -1.2954002e+01
  -9.9921394e+00
  -6.3301762e+00
  -1.9348031e+00
   3.2178630e+00
   9.1411520e+00
   1.5836901e+01
   2.3294743e+01
   3.1491674e+01
   4.0391928e+01
   4.9947193e+01
   6.0097199e+01
   7.0770667e+01
   8.1886632e+01
   9.3356085e+01
   1.0508391e+02
   1.1697099e+02
   1.2891651e+02
   1.4082014e+02
   1.5258424e+02
   1.6411592e+02
   1.7532874e+02
   1.8614433e+02
   1.9649357e+02
   2.0631753e+02
   2.1556808e+02
   2.2420819e+02
   2.3221190e+02
   2.3956413e+02
   2.4626011e+02
   2.5230470e+02
   2.5771150e+02
   2.6250179e+02
   2.6670344e+02
   2.7034969e+02
   2.7347791e+02
   2.7612844e+02
   2.7834337e+02
   2.8016547e+02
   2.8163715e+02
   2.8279960e+02
   2.8369204e+02
   2.8435106e+02
   2.8481021e+02
   2.8509964e+02
   2.8524597e+02
   2.8527227e+02
   2.8519820e+02
   2.8504025e+02
   2.8481212e+02
   2.8452521e+02
   2.8418915e+02
   2.8381243e+02
   2.8340305e+02
   2.8296918e+02
   2.8251976e+02
   2.8206515e+02
   2.8161762e+02
   2.8119177e+02
   2.8080497e+02
   2.8047750e+02
   2.8023267e+02
   2.8009675e+02
   2.8009875e+02
   2.8026997e+02
   2.8064345e+02
   2.8125324e+02
   2.8213355e+02
   2.8331777e+02
   2.8483750e+02
   2.8672140e+02
   2.8899413e+02
   2.9167520e+02
   2.9477787e+02
   2.9830810e+02
   3.0226358e+02
   3.0663290e+02
   3.1139478e+02
   3.1651761e+02
   3.2195912e+02
   3.2766631e+02
   3.3357572e+02
   3.3961392e+02
   3.4569840e+02
   3.5173868e+02
   3.5763784e+02
   3.6329420e+02
   3.6860339e+02
   3.7346051e+02
   3.7776247e+02
   3.8141031e+02
   3.8431161e+02
   3.8638268e+02
   3.8755061e+02
   3.8775508e+02
   3.8694983e+02
   3.8510381e+02
   3.8220199e+02
   3.7824569e+02
   3.7325268e+02
   3.6725674e+02
   3.6030700e+02
   3.5246682e+02
   3.4381245e+02
   3.3443134e+02
   3.2442025e+02
   3.1388313e+02
   3.0292897e+02
   2.9166941e+02
   2.8021654e+02
   2.6868064e+02
   2.5716812e+02
   2.4577960e+02
   2.3460830e+02
   2.2373862e+02
   2.1324507e+02
   2.0319143e+02
   1.9363032e+02
   1.8460289e+02
   1.7613896e+02
   1.6825726e+02
   1.6096596e+02
   1.5426339e+02
   1.4813889e+02
   1.4257379e+02
   1.3754255e+02
   1.3301380e+02
   1.2895156e+02
   1.2531632e+02
   1.2206619e+02
   1.1915791e+02
   1.1654780e+02
   1.1419266e+02
   1.1205055e+02
   1.1008143e+02
   1.0824774e+02
   1.0651487e+02
   1.0485150e+02
   1.0322985e+02
   1.0162583e+02
   1.0001909e+02
   9.8392998e+01
   9.6734532e+01
   9.5034116e+01
   9.3285408e+01
   9.1485036e+01
   8.9632322e+01
   8.7728968e+01
   8.5778738e+01
   8.3787129e+01
   8.1761043e+01
   7.9708463e+01
   7.7638150e+01
   7.5559345e+01
   7.3481506e+01
   7.1414064e+01
   6.9366207e+01
   6.7346697e+01
   6.5363706e+01
   6.3424699e+01
   6.1536327e+01
   5.9704369e+01
   5.7933674e+01
   5.6228147e+01
   5.4590734e+01
   5.3023439e+01
   5.1527343e+01
   5.0102644e+01
   4.8748706e+01
   4.7464110e+01
   4.6246712e+01
   4.5093712e+01
   4.4001712e+01
   4.2966785e+01
   4.1984541e+01
   4.1050194e+01
   4.0158627e+01
   3.9304466e+01
   3.8482142e+01
   3.7685972e+01
   3.6910224e+01
   3.6149207e+01
   3.5397342e+01
   3.4649260e+01
   3.3899887e+01
   3.3144544e+01
   3.2379048e+01
   3.1599814e+01
   3.0803953e+01
   2.9989373e+01
   2.9154864e+01
   2.8300187e+01
   2.7426154e+01
   2.6534694e+01
   2.5628913e+01
   2.4713133e+01
   2.3792911e+01
   2.2875039e+01
   2.1967503e+01
   2.1079420e+01
   2.0220928e+01
   1.9403045e+01
   1.8637472e+01
   1.7936361e+01
   1.7312029e+01
   1.6776638e+01
   1.6341835e+01
   1.6018354e+01
   1.5815610e+01
   1.5741266e+01
   1.5800797e+01
   1.5997062e+01
   1.6329883e+01
   1.6795659e+01
   1.7387014e+01
   1.8092498e+01
   1.8896348e+01
   1.9778324e+01
   2.0713626e+01
   2.1672900e+01
   2.2622347e+01
   2.3523940e+01
   2.4335750e+01
   2.5012393e+01
   2.5505589e+01
   2.5764844e+01
   2.5738235e+01
   2.5373316e+01
   2.4618108e+01
   2.3422179e+01
   2.1737775e+01
   1.9521002e+01
   1.6733016e+01
   1.3341194e+01
   9.3202613e+00
   4.6533264e+00
  -6.6721139e-01
  -6.6389199e+00
  -1.3248798e+01
  -2.0472979e+01
  -2.8276703e+01
  -3.6614583e+01
  -4.5431181e+01
  -5.4661897e+01
  -6.4234156e+01
  -7.4068879e+01
  -8.4082177e+01
  -9.4187205e+01
  -1.0429610e+02
  -1.1432187e+02
  -1.2418027e+02
  -1.3379136e+02
  -1.4308098e+02
  -1.5198190e+02
  -1.6043465e+02
  -1.6838817e+02
  -1.7580007e+02
  -1.8263670e+02
  -1.8887304e+02
  -1.9449224e+02
  -1.9948520e+02
  -2.0384991e+02
  -2.0759073e+02
  -2.1071764e+02
  -2.1324548e+02
  -2.1519321e+02
  -2.1658315e+02
  -2.1744040e+02
  -2.1779217e+02
  -2.1766735e+02
  -2.1709606e+02
  -2.1610931e+02
  -2.1473878e+02
  -2.1301662e+02
  -2.1097535e+02
  -2.0864774e+02
  -2.0606680e+02
  -2.0326571e+02
  -2.0027775e+02
  -1.9713623e+02
  -1.9387432e+02
  -1.9052491e+02
  -1.8712034e+02
  -1.8369210e+02
  -1.8027052e+02
  -1.7688436e+02
  -1.7356049e+02
  -1.7032347e+02
  -1.6719527e+02
  -1.6419494e+02
  -1.6133844e+02
  -1.5863847e+02
  -1.5610437e+02
  -1.5374218e+02
  -1.5155465e+02
  -1.4954143e+02
  -1.4769923e+02
  -1.4602214e+02
  -1.4450186e+02
  -1.4312809e+02
  -1.4188886e+02
  -1.4077090e+02
  -1.3976000e+02
  -1.3884138e+02
  -1.3800001e+02
  -1.3722095e+02
  -1.3648958e+02
  -1.3579188e+02
  -1.3511462e+02
  -1.3444553e+02
  -1.3377342e+02
  -1.3308833e+02
  -1.3238155e+02
  -1.3164565e+02
  -1.3087451e+02
  -1.3006328e+02
  -1.2920833e+02
  -1.2830718e+02
  -1.2735843e+02
  -1.2636167e+02
  -1.2531735e+02
  -1.2422671e+02
  -1.2309161e+02
  -1.2191445e+02
  -1.2069803e+02
  -1.1944543e+02
  -1.1815994e+02
  -1.1684494e+02
  -1.1550380e+02
  -1.1413982e+02
  -1.1275621e+02
  -1.1135598e+02
  -1.0994196e+02
  -1.0851674e+02
  -1.0708271e+02
  -1.0564199e+02
  -1.0419650e+02
  -1.0274794e+02
  -1.0129785e+02
  -9.9847640e+01
  -9.8398627e+01
  -9.6952112e+01
  -9.5509422e+01
  -9.4071975e+01
  -9.2641328e+01
  -9.1219239e+01
  -8.9807706e+01
  -8.8409010e+01
  -8.7025734e+01
  -8.5660777e+01
  -8.4317351e+01
  -8.2998962e+01
  -8.1709371e+01
  -8.0452539e+01
  -7.9232558e+01
  -7.8053557e+01
  -7.6919600e+01
  -7.5834567e+01
  -7.4802024e+01
  -7.3825088e+01
  -7.2906284e+01
  -7.2047404e+01
  -7.1249356e+01
  -7.0512037e+01
  -6.9834193e+01
  -6.9213311e+01
  -6.8645516e+01
  -6.8125506e+01
  -6.7646507e+01
  -6.7200267e+01
  -6.6777083e+01
  -6.6365866e+01
  -6.5954245e+01
  -6.5528708e+01
  -6.5074779e+01
  -6.4577239e+01
  -6.4020374e+01
  -6.3388267e+01
  -6.2665109e+01
  -6.1835549e+01
  -6.0885069e+01
  -5.9800363e+01
  -5.8569742e+01
  -5.7183520e+01
  -5.5634398e+01
  -5.3917816e+01
  -5.2032263e+01
  -4.9979534e+01
  -4.7764921e+01
  -4.5397317e+01
  -4.2889226e+01
  -4.0256665e+01
  -3.7518950e+01
  -3.4698356e+01
  -3.1819653e+01
  -2.8909530e+01
  -2.5995921e+01
  -2.3107271e+01
  -2.0271772e+01
  -1.7516628e+01
  -1.4867364e+01
  -1.2347237e+01
  -9.9767428e+00
  -7.7732307e+00
  -5.7506396e+00
  -3.9193403e+00
  -2.2860877e+00
  -8.5407281e-01
   3.7693687e-01
   1.4103819e+00
   2.2526324e+00
   2.9126599e+00
   3.4016718e+00
   3.7327223e+00
   3.9203105e+00
   3.9799797e+00
   3.9279243e+00
   3.7806176e+00
   3.5544645e+00
   3.2654862e+00
   2.9290420e+00
   2.5595909e+00
   2.1704943e+00
   1.7738612e+00
   1.3804351e+00
   9.9952097e-01
   6.3895024e-01
   3.0508117e-01
   2.8304740e-03
  -2.6426716e-01
  -4.9397578e-01
  -6.8525542e-01
  -8.3814417e-01
  -9.5362896e-01
  -1.0335094e+00
  -1.0802578e+00
  -1.0968800e+00
  -1.0867780e+00
  -1.0536196e+00
  -1.0012153e+00
  -9.3340565e-01
  -8.5395970e-01
  -7.6648623e-01
  -6.7435832e-01
  -5.8065148e-01
  -4.8809571e-01
  -3.9904103e-01
  -3.1543615e-01
  -2.3881950e-01
  -1.7032188e-01
  -1.1067954e-01
  -6.0256650e-02
  -1.9075935e-02
   1.3143941e-02
   3.6945471e-02
   5.3085333e-02
   6.2484719e-02
   6.6178342e-02
   6.5263524e-02
   6.0850681e-02
