   0.0000000e+00
   0.0000000e+00
   0.0000000e+00
   0.0000000e+00
   0.0000000e+00
   0.0000000e+00
   0.0000000e+00
   0.0000000e+00
   0.0000000e+00
   0.0000000e+00
   0.0000000e+00
   0.0000000e+00
   0.0000000e+00
   0.0000000e+00
   0.0000000e+00
   0.0000000e+00
   0.0000000e+00
   0.0000000e+00
   0.0000000e+00
   0.0000000e+00
   0.0000000e+00
   0.0000000e+00
   0.0000000e+00
   0.0000000e+00
   0.0000000e+00
   0.0000000e+00
   0.0000000e+00
   0.0000000e+00
   0.0000000e+00
   0.0000000e+00
   0.0000000e+00
   0.0000000e+00
   0.0000000e+00
   0.0000000e+00
   0.0000000e+00
   0.0000000e+00
   0.0000000e+00
   0.0000000e+00
   0.0000000e+00
   0.0000000e+00
   0.0000000e+00
   0.0000000e+00
   0.0000000e+00
   0.0000000e+00
   0.0000000e+00
   0.0000000e+00
   0.0000000e+00
   0.0000000e+00
   0.0000000e+00
   0.0000000e+00
   0.0000000e+00
   0.0000000e+00
   0.0000000e+00
   0.0000000e+00
   0.0000000e+00
   0.0000000e+00
   0.0000000e+00
   0.0000000e+00
   0.0000000e+00
   0.0000000e+00
  -6.2831800e-03
  -4.0840700e-02
  -1.0995600e-01
  -2.1048700e-01
  -3.4243400e-01
  -5.0893800e-01
  -7.0685800e-01
  -9.4247800e-01
  -1.2158000e+00
  -1.5268100e+00
  -1.8755300e+00
  -2.2619500e+00
  -2.6829200e+00
  -3.1384500e+00
  -3.6316800e+00
  -4.1563300e+00
  -4.7155300e+00
  -5.3061500e+00
  -5.9313300e+00
  -6.5847800e+00
  -7.2727900e+00
  -7.9953500e+00
  -8.7493300e+00
  -9.5378700e+00
  -1.0357800e+01
  -1.1206100e+01
  -1.2082600e+01
  -1.2984200e+01
  -1.3907800e+01
  -1.4853400e+01
  -1.5821100e+01
  -1.6810700e+01
  -1.7822300e+01
  -1.8852700e+01
  -1.9902000e+01
  -2.0970100e+01
  -2.2057100e+01
  -2.3159800e+01
  -2.4284500e+01
  -2.5424900e+01
  -2.6581000e+01
  -2.7752800e+01
  -2.8937200e+01
  -3.0140400e+01
  -3.1359400e+01
  -3.2590900e+01
  -3.3834900e+01
  -3.5091600e+01
  -3.6363900e+01
  -3.7652000e+01
  -3.8949500e+01
  -4.0256400e+01
  -4.1579000e+01
  -4.2911000e+01
  -4.4258700e+01
  -4.5612800e+01
  -4.6976200e+01
  -4.8352200e+01
  -4.9740800e+01
  -5.1138800e+01
  -5.2543100e+01
  -5.3960000e+01
  -5.5383100e+01
  -5.6818800e+01
  -5.8264000e+01
  -5.9715400e+01
  -6.1173100e+01
  -6.2643300e+01
  -6.4119900e+01
  -6.5602700e+01
  -6.7091800e+01
  -6.8590400e+01
  -7.0098300e+01
  -7.1609500e+01
  -7.3130000e+01
  -7.4656800e+01
  -7.6189900e+01
  -7.7729300e+01
  -7.9274900e+01
  -8.0826900e+01
  -8.2385100e+01
  -8.3949600e+01
  -8.5517300e+01
  -8.7091200e+01
  -8.8674600e+01
  -9.0257900e+01
  -9.1850700e+01
  -9.3446700e+01
  -9.5045700e+01
  -9.6651100e+01
  -9.8262700e+01
  -9.9877500e+01
  -1.0149900e+02
  -1.0312300e+02
  -1.0475000e+02
  -1.0638400e+02
  -1.0802100e+02
  -1.0966000e+02
  -1.1130700e+02
  -1.1295600e+02
  -1.1460800e+02
  -1.1626100e+02
  -1.1792300e+02
  -1.1958800e+02
  -1.2125300e+02
  -1.2292100e+02
  -1.2459600e+02
  -1.2627300e+02
  -1.2795400e+02
  -1.2963500e+02
  -1.3131900e+02
  -1.3300900e+02
  -1.3469900e+02
  -1.3639200e+02
  -1.3808900e+02
  -1.3978800e+02
  -1.4149100e+02
  -1.4319400e+02
  -1.4490300e+02
  -1.4661200e+02
  -1.4832100e+02
  -1.5003600e+02
  -1.5175100e+02
  -1.5347000e+02
  -1.5519100e+02
  -1.5691300e+02
  -1.5863800e+02
  -1.6036300e+02
  -1.6209400e+02
  -1.6382100e+02
  -1.6555600e+02
  -1.6728700e+02
  -1.6902400e+02
  -1.7076100e+02
  -1.7250200e+02
  -1.7424200e+02
  -1.7598600e+02
  -1.7772900e+02
  -1.7947300e+02
  -1.8122300e+02
  -1.8296900e+02
  -1.8471900e+02
  -1.8646900e+02
  -1.8822200e+02
  -1.8997500e+02
  -1.9173100e+02
  -1.9348800e+02
  -1.9524400e+02
  -1.9700300e+02
  -1.9875900e+02
  -2.0051800e+02
  -2.0228100e+02
  -2.0404000e+02
  -2.0580600e+02
  -2.0756800e+02
  -2.0933400e+02
  -2.1109600e+02
  -2.1286500e+02
  -2.1463000e+02
  -2.1639600e+02
  -2.1816500e+02
  -2.1993700e+02
  -2.2170500e+02
  -2.2347400e+02
  -2.2524600e+02
  -2.2702100e+02
  -2.2879000e+02
  -2.3056500e+02
  -2.3234000e+02
  -2.3411500e+02
  -2.3588600e+02
  -2.3766100e+02
  -2.3944000e+02
  -2.4121500e+02
  -2.4299300e+02
  -2.4477100e+02
  -2.4654900e+02
  -2.4832400e+02
  -2.5010500e+02
  -2.5188300e+02
  -2.5366500e+02
  -2.5544300e+02
  -2.5722400e+02
  -2.5900500e+02
  -2.6078400e+02
  -2.6256500e+02
  -2.6434900e+02
  -2.6612700e+02
  -2.6790900e+02
  -2.6969300e+02
  -2.7147800e+02
  -2.7325900e+02
  -2.7503700e+02
  -2.7679900e+02
  -2.7854300e+02
  -2.8026800e+02
  -2.8197400e+02
  -2.8366400e+02
  -2.8532900e+02
  -2.8697500e+02
  -2.8860200e+02
  -2.9020800e+02
  -2.9178500e+02
  -2.9334300e+02
  -2.9487900e+02
  -2.9639000e+02
  -2.9787600e+02
  -2.9933700e+02
  -3.0077300e+02
  -3.0218300e+02
  -3.0356900e+02
  -3.0492600e+02
  -3.0625800e+02
  -3.0756500e+02
  -3.0884700e+02
  -3.1010000e+02
  -3.1132500e+02
  -3.1252600e+02
  -3.1369700e+02
  -3.1484400e+02
  -3.1595900e+02
  -3.1705300e+02
  -3.1811400e+02
  -3.1914800e+02
  -3.2015300e+02
  -3.2113400e+02
  -3.2208200e+02
  -3.2300900e+02
  -3.2390400e+02
  -3.2477500e+02
  -3.2561000e+02
  -3.2641800e+02
  -3.2719700e+02
  -3.2794800e+02
  -3.2867300e+02
  -3.2936800e+02
  -3.3003700e+02
  -3.3067800e+02
  -3.3128400e+02
  -3.3185900e+02
  -3.3240200e+02
  -3.3291800e+02
  -3.3340500e+02
  -3.3386300e+02
  -3.3429700e+02
  -3.3469900e+02
  -3.3507600e+02
  -3.3542200e+02
  -3.3573600e+02
  -3.3602500e+02
  -3.3628200e+02
  -3.3650800e+02
  -3.3670600e+02
  -3.3687300e+02
  -3.3700800e+02
  -3.3711500e+02
  -3.3719300e+02
  -3.3724000e+02
  -3.3725600e+02
  -3.3724400e+02
  -3.3720000e+02
  -3.3712400e+02
  -3.3702400e+02
  -3.3688500e+02
  -3.3671900e+02
  -3.3651200e+02
  -3.3627000e+02
  -3.3599000e+02
  -3.3566700e+02
  -3.3530200e+02
  -3.3489400e+02
  -3.3444400e+02
  -3.3394800e+02
  -3.3341400e+02
  -3.3283900e+02
  -3.3222700e+02
  -3.3157000e+02
  -3.3087600e+02
  -3.3014400e+02
  -3.2937400e+02
  -3.2856700e+02
  -3.2772100e+02
  -3.2684200e+02
  -3.2592800e+02
  -3.2497900e+02
  -3.2400500e+02
  -3.2300300e+02
  -3.2197900e+02
  -3.2092900e+02
  -3.1985800e+02
  -3.1876200e+02
  -3.1765000e+02
  -3.1651900e+02
  -3.1536600e+02
  -3.1419400e+02
  -3.1300000e+02
  -3.1179400e+02
  -3.1056800e+02
  -3.0932700e+02
  -3.0807400e+02
  -3.0679800e+02
  -3.0551000e+02
  -3.0421000e+02
  -3.0289300e+02
  -3.0155800e+02
  -3.0021100e+02
  -2.9885000e+02
  -2.9748000e+02
  -2.9609200e+02
  -2.9469400e+02
  -2.9328000e+02
  -2.9186000e+02
  -2.9042800e+02
  -2.8898200e+02
  -2.8752500e+02
  -2.8605800e+02
  -2.8458100e+02
  -2.8309200e+02
  -2.8159300e+02
  -2.8008200e+02
  -2.7856800e+02
  -2.7704100e+02
  -2.7550500e+02
  -2.7395900e+02
  -2.7240700e+02
  -2.7084600e+02
  -2.6927200e+02
  -2.6769200e+02
  -2.6610900e+02
  -2.6451300e+02
  -2.6291000e+02
  -2.6130200e+02
  -2.5968400e+02
  -2.5806300e+02
  -2.5642900e+02
  -2.5479300e+02
  -2.5315300e+02
  -2.5150300e+02
  -2.4984800e+02
  -2.4818300e+02
  -2.4651800e+02
  -2.4484600e+02
  -2.4316500e+02
  -2.4148200e+02
  -2.3979500e+02
  -2.3810100e+02
  -2.3639900e+02
  -2.3469600e+02
  -2.3299000e+02
  -2.3127500e+02
  -2.2955600e+02
  -2.2783500e+02
  -2.2611000e+02
  -2.2437900e+02
  -2.2264100e+02
  -2.2090700e+02
  -2.1916400e+02
  -2.1741700e+02
  -2.1566700e+02
  -2.1391400e+02
  -2.1215800e+02
  -2.1039900e+02
  -2.0863600e+02
  -2.0687100e+02
  -2.0509900e+02
  -2.0332700e+02
  -2.0155200e+02
  -1.9977100e+02
  -1.9798900e+02
  -1.9620800e+02
  -1.9442100e+02
  -1.9263000e+02
  -1.9083900e+02
  -1.8904500e+02
  -1.8724800e+02
  -1.8544800e+02
  -1.8364800e+02
  -1.8184500e+02
  -1.8003500e+02
  -1.7822900e+02
  -1.7641600e+02
  -1.7460300e+02
  -1.7278400e+02
  -1.7096900e+02
  -1.6915000e+02
  -1.6732700e+02
  -1.6550500e+02
  -1.6368000e+02
  -1.6185200e+02
  -1.6002300e+02
  -1.5819500e+02
  -1.5636300e+02
  -1.5453200e+02
  -1.5269700e+02
  -1.5085900e+02
  -1.4902100e+02
  -1.4718400e+02
  -1.4534300e+02
  -1.4349900e+02
  -1.4165400e+02
  -1.3981000e+02
  -1.3796000e+02
  -1.3610900e+02
  -1.3426200e+02
  -1.3240900e+02
  -1.3055500e+02
  -1.2869800e+02
  -1.2684200e+02
  -1.2498500e+02
  -1.2312500e+02
  -1.2126900e+02
  -1.1940600e+02
  -1.1754300e+02
  -1.1568000e+02
  -1.1381700e+02
  -1.1195100e+02
  -1.1008100e+02
  -1.0821800e+02
  -1.0634900e+02
  -1.0448000e+02
  -1.0261100e+02
  -1.0073800e+02
  -9.8865900e+01
  -9.6996700e+01
  -9.5140000e+01
  -9.3299000e+01
  -9.1473700e+01
  -8.9667300e+01
  -8.7876600e+01
  -8.6101600e+01
  -8.4345500e+01
  -8.2608200e+01
  -8.0889700e+01
  -7.9187000e+01
  -7.7506200e+01
  -7.5841200e+01
  -7.4195000e+01
  -7.2564500e+01
  -7.0959100e+01
  -6.9372600e+01
  -6.7801800e+01
  -6.6249900e+01
  -6.4723100e+01
  -6.3212000e+01
  -6.1726000e+01
  -6.0255700e+01
  -5.8807500e+01
  -5.7381200e+01
  -5.5973700e+01
  -5.4588300e+01
  -5.3221700e+01
  -5.1880200e+01
  -5.0557600e+01
  -4.9253900e+01
  -4.7975300e+01
  -4.6715500e+01
  -4.5480800e+01
  -4.4265000e+01
  -4.3071200e+01
  -4.1896300e+01
  -4.0743300e+01
  -3.9612300e+01
  -3.8497100e+01
  -3.7397500e+01
  -3.6310500e+01
  -3.5242400e+01
  -3.4189900e+01
  -3.3153200e+01
  -3.2132200e+01
  -3.1126900e+01
  -3.0134100e+01
  -2.9157100e+01
  -2.8195800e+01
  -2.7247000e+01
  -2.6317100e+01
  -2.5399800e+01
  -2.4495000e+01
  -2.3605900e+01
  -2.2732600e+01
  -2.1871800e+01
  -2.1026700e+01
  -2.0197300e+01
  -1.9380500e+01
  -1.8579400e+01
  -1.7790800e+01
  -1.7014900e+01
  -1.6254600e+01
  -1.5503800e+01
  -1.4771800e+01
  -1.4052300e+01
  -1.3345500e+01
  -1.2651200e+01
  -1.1969500e+01
  -1.1300300e+01
  -1.0646900e+01
  -1.0002800e+01
  -9.3745100e+00
  -8.7556200e+00
  -8.1524300e+00
  -7.5618100e+00
  -6.9806200e+00
  -6.4119900e+00
  -5.8590700e+00
  -5.3124300e+00
  -4.7815000e+00
  -4.2600000e+00
  -3.7510600e+00
  -3.2515500e+00
  -2.7646000e+00
  -2.2902200e+00
  -1.8252600e+00
  -1.3728800e+00
  -9.2991100e-01
  -4.9637200e-01
  -7.5398200e-02
   3.3929200e-01
   7.4141600e-01
   1.1309700e+00
   1.5142500e+00
   1.8881000e+00
   2.2493800e+00
   2.6043800e+00
   2.9499500e+00
   3.2829600e+00
   3.6096900e+00
   3.9269900e+00
   4.2348700e+00
   4.5364600e+00
   4.8254900e+00
   5.1082300e+00
   5.3846900e+00
   5.6485800e+00
   5.9061900e+00
   6.1575200e+00
   6.3994200e+00
   6.6350400e+00
   6.8612400e+00
   7.0811500e+00
   7.2947800e+00
   7.4989800e+00
   7.6969000e+00
   7.8854000e+00
   8.0707500e+00
   8.2466800e+00
   8.4194700e+00
   8.5828300e+00
   8.7399100e+00
   8.8907100e+00
   9.0352200e+00
   9.1734500e+00
   9.3054000e+00
   9.4310600e+00
   9.5473000e+00
   9.6604000e+00
   9.7672100e+00
   9.8677400e+00
   9.9619900e+00
   1.0053100e+01
   1.0134800e+01
   1.0213300e+01
   1.0285600e+01
   1.0351500e+01
   1.0414400e+01
   1.0467800e+01
   1.0518100e+01
   1.0565200e+01
   1.0602900e+01
   1.0637400e+01
   1.0668800e+01
   1.0690800e+01
   1.0703400e+01
   1.0712800e+01
   1.0716000e+01
   1.0709700e+01
   1.0703400e+01
   1.0700300e+01
   1.0703400e+01
   1.0706500e+01
   1.0706500e+01
   1.0703400e+01
   1.0703400e+01
   1.0703400e+01
   1.0703400e+01
   1.0706500e+01
   1.0703400e+01
   1.0703400e+01
   1.0703400e+01
   1.0703400e+01
   1.0703400e+01
   1.0703400e+01
   1.0703400e+01
   1.0703400e+01
   1.0703400e+01
   1.0703400e+01
   1.0703400e+01
   1.0703400e+01
   1.0703400e+01
   1.0703400e+01
   1.0703400e+01
   1.0703400e+01
   1.0703400e+01
   1.0703400e+01
   1.0703400e+01
   1.0703400e+01
   1.0703400e+01
   1.0703400e+01
   1.0703400e+01
   1.0703400e+01
   1.0703400e+01
   1.0703400e+01
   1.0703400e+01
   1.0703400e+01
   1.0703400e+01
   1.0703400e+01
   1.0703400e+01
   1.0703400e+01
   1.0703400e+01
   1.0703400e+01
   1.0703400e+01
   1.0703400e+01
   1.0703400e+01
   1.0703400e+01
   1.0703400e+01
   1.0703400e+01
   1.0703400e+01
   1.0703400e+01
   1.0703400e+01
   1.0703400e+01
   1.0703400e+01
   1.0703400e+01
   1.0703400e+01
   1.0703400e+01
   1.0703400e+01
   1.0703400e+01
   1.0703400e+01
   1.0703400e+01
   1.0703400e+01
