  -6.0811670e-04
  -6.6563062e-04
  -7.1315575e-04
  -7.4819597e-04
  -7.6826722e-04
  -7.7096438e-04
  -7.5403470e-04
  -7.1545647e-04
  -6.5352181e-04
  -5.6692159e-04
  -4.5483091e-04
  -3.1699254e-04
  -1.5379622e-04
   3.3649059e-05
   2.4345251e-04
   4.7289166e-04
   7.1837809e-04
   9.7544178e-04
   1.2387369e-03
   1.5020715e-03
   1.7584642e-03
   2.0002287e-03
   2.2190889e-03
   2.4063247e-03
   2.5529495e-03
   2.6499183e-03
   2.6883659e-03
   2.6598726e-03
   2.5567542e-03
   2.3723726e-03
   2.1014620e-03
   1.7404647e-03
   1.2878687e-03
   7.4454070e-04
   1.1404476e-04
  -5.9706167e-04
  -1.3789648e-03
  -2.2183738e-03
  -3.0983530e-03
  -3.9982158e-03
  -4.8934896e-03
  -5.7559614e-03
  -6.5538081e-03
  -7.2518208e-03
  -7.8117233e-03
  -8.1925898e-03
  -8.3513576e-03
  -8.2434339e-03
  -7.8233893e-03
  -7.0457281e-03
  -5.8657243e-03
  -4.2403065e-03
  -2.1289742e-03
   5.0527507e-04
   3.6950316e-03
   7.4675949e-03
   1.1844157e-02
   1.6839071e-02
   2.2459230e-02
   2.8703568e-02
   3.5562716e-02
   4.3018795e-02
   5.1045373e-02
   5.9607559e-02
   6.8662227e-02
   7.8158356e-02
   8.8037488e-02
   9.8234304e-02
   1.0867732e-01
   1.1928972e-01
   1.2999021e-01
   1.4069401e-01
   1.5131386e-01
   1.6176110e-01
   1.7194674e-01
   1.8178258e-01
   1.9118229e-01
   2.0006250e-01
   2.0834373e-01
   2.1595128e-01
   2.2281607e-01
   2.2887526e-01
   2.3407286e-01
   2.3836020e-01
   2.4169625e-01
   2.4404787e-01
   2.4538990e-01
   2.4570516e-01
   2.4498435e-01
   2.4322580e-01
   2.4043515e-01
   2.3662498e-01
   2.3181428e-01
   2.2602800e-01
   2.1929646e-01
   2.1165477e-01
   2.0314226e-01
   1.9380186e-01
   1.8367949e-01
   1.7282350e-01
   1.6128404e-01
   1.4911248e-01
   1.3636091e-01
   1.2308162e-01
   1.0932669e-01
   9.5147592e-02
   8.0594952e-02
   6.5718316e-02
   5.0566030e-02
   3.5185169e-02
   1.9621524e-02
   3.9196026e-03
  -1.1877352e-02
  -2.7727355e-02
  -4.3589659e-02
  -5.9424697e-02
  -7.5193972e-02
  -9.0859896e-02
  -1.0638559e-01
  -1.2173468e-01
  -1.3687103e-01
  -1.5175862e-01
  -1.6636132e-01
  -1.8064279e-01
  -1.9456646e-01
  -2.0809545e-01
  -2.2119268e-01
  -2.3382096e-01
  -2.4594308e-01
  -2.5752207e-01
  -2.6852137e-01
  -2.7890508e-01
  -2.8863821e-01
  -2.9768697e-01
  -3.0601913e-01
  -3.1360438e-01
  -3.2041475e-01
  -3.2642509e-01
  -3.3161344e-01
  -3.3596137e-01
  -3.3945421e-01
  -3.4208112e-01
  -3.4383512e-01
  -3.4471298e-01
  -3.4471514e-01
  -3.4384554e-01
  -3.4211146e-01
  -3.3952338e-01
  -3.3609472e-01
  -3.3184162e-01
  -3.2678265e-01
  -3.2093838e-01
  -3.1433101e-01
  -3.0698388e-01
  -2.9892101e-01
  -2.9016668e-01
  -2.8074510e-01
  -2.7068019e-01
  -2.5999542e-01
  -2.4871386e-01
  -2.3685816e-01
  -2.2445073e-01
  -2.1151385e-01
  -1.9806989e-01
  -1.8414159e-01
  -1.6975230e-01
  -1.5492634e-01
  -1.3968930e-01
  -1.2406839e-01
  -1.0809277e-01
  -9.1793806e-02
  -7.5205310e-02
  -5.8363744e-02
  -4.1308328e-02
  -2.4081086e-02
  -6.7268054e-03
   1.0707100e-02
   2.8170816e-02
   4.5612408e-02
   6.2978154e-02
   8.0212892e-02
   9.7260370e-02
   1.1406362e-01
   1.3056531e-01
   1.4670819e-01
   1.6243544e-01
   1.7769114e-01
   1.9242070e-01
   2.0657130e-01
   2.2009232e-01
   2.3293584e-01
   2.4505700e-01
   2.5641446e-01
   2.6697073e-01
   2.7669253e-01
   2.8555105e-01
   2.9352218e-01
   3.0058666e-01
   3.0673013e-01
   3.1194307e-01
   3.1622070e-01
   3.1956281e-01
   3.2197342e-01
   3.2346058e-01
   3.2403596e-01
   3.2371458e-01
   3.2251441e-01
   3.2045606e-01
   3.1756245e-01
   3.1385851e-01
   3.0937085e-01
   3.0412745e-01
   2.9815741e-01
   2.9149061e-01
   2.8415744e-01
   2.7618846e-01
   2.6761414e-01
   2.5846454e-01
   2.4876912e-01
   2.3855652e-01
   2.2785446e-01
   2.1668961e-01
   2.0508760e-01
   1.9307294e-01
   1.8066902e-01
   1.6789811e-01
   1.5478133e-01
   1.4133860e-01
   1.2758862e-01
   1.1354878e-01
   9.9235209e-02
   8.4662705e-02
   6.9844808e-02
   5.4793838e-02
   3.9520985e-02
   2.4036418e-02
   8.3494499e-03
  -7.5312532e-03
  -2.3597397e-02
  -3.9840731e-02
  -5.6252677e-02
  -7.2823901e-02
  -8.9543863e-02
  -1.0640032e-01
  -1.2337884e-01
  -1.4046227e-01
  -1.5763034e-01
  -1.7485914e-01
  -1.9212084e-01
  -2.0938334e-01
  -2.2661009e-01
  -2.4376005e-01
  -2.6078774e-01
  -2.7764341e-01
  -2.9427333e-01
  -3.1062018e-01
  -3.2662353e-01
  -3.4222032e-01
  -3.5734552e-01
  -3.7193274e-01
  -3.8591495e-01
  -3.9922529e-01
  -4.1179775e-01
  -4.2356800e-01
  -4.3447413e-01
  -4.4445728e-01
  -4.5346233e-01
  -4.6143846e-01
  -4.6833961e-01
  -4.7412486e-01
  -4.7875869e-01
  -4.8221116e-01
  -4.8445790e-01
  -4.8548014e-01
  -4.8526460e-01
  -4.8380338e-01
  -4.8109380e-01
  -4.7713824e-01
  -4.7194398e-01
  -4.6552297e-01
  -4.5789161e-01
  -4.4907051e-01
  -4.3908421e-01
  -4.2796083e-01
  -4.1573170e-01
  -4.0243102e-01
  -3.8809539e-01
  -3.7276349e-01
  -3.5647571e-01
  -3.3927394e-01
  -3.2120133e-01
  -3.0230221e-01
  -2.8262197e-01
  -2.6220706e-01
  -2.4110500e-01
  -2.1936451e-01
  -1.9703565e-01
  -1.7417006e-01
  -1.5082118e-01
  -1.2704454e-01
  -1.0289805e-01
  -7.8442163e-02
  -5.3740126e-02
  -2.8858030e-02
  -3.8648460e-03
   2.1167627e-02
   4.6164893e-02
   7.1049949e-02
   9.5743539e-02
   1.2016448e-01
   1.4423006e-01
   1.6785648e-01
   1.9095938e-01
   2.1345452e-01
   2.3525840e-01
   2.5628908e-01
   2.7646703e-01
   2.9571596e-01
   3.1396379e-01
   3.3114357e-01
   3.4719436e-01
   3.6206213e-01
   3.7570045e-01
   3.8807113e-01
   3.9914475e-01
   4.0890092e-01
   4.1732844e-01
   4.2442535e-01
   4.3019868e-01
   4.3466416e-01
   4.3784567e-01
   4.3977462e-01
   4.4048917e-01
   4.4003338e-01
   4.3845629e-01
   4.3581091e-01
   4.3215323e-01
   4.2754123e-01
   4.2203388e-01
   4.1569027e-01
   4.0856868e-01
   4.0072581e-01
   3.9221607e-01
   3.8309087e-01
   3.7339813e-01
   3.6318180e-01
   3.5248158e-01
   3.4133276e-01
   3.2976622e-01
   3.1780854e-01
   3.0548234e-01
   2.9280660e-01
   2.7979722e-01
   2.6646759e-01
   2.5282922e-01
   2.3889234e-01
   2.2466660e-01
   2.1016159e-01
   1.9538745e-01
   1.8035534e-01
   1.6507792e-01
   1.4956971e-01
   1.3384743e-01
   1.1793029e-01
   1.0184022e-01
   8.5602064e-02
   6.9243656e-02
   5.2795855e-02
   3.6292468e-02
   1.9770087e-02
   3.2678139e-03
  -1.3173106e-02
  -2.9509735e-02
  -4.5697938e-02
  -6.1692884e-02
  -7.7449532e-02
  -9.2923050e-02
  -1.0806918e-01
  -1.2284452e-01
  -1.3720677e-01
  -1.5111495e-01
  -1.6452953e-01
  -1.7741264e-01
  -1.8972817e-01
  -2.0144196e-01
  -2.1252191e-01
  -2.2293806e-01
  -2.3266275e-01
  -2.4167066e-01
  -2.4993887e-01
  -2.5744692e-01
  -2.6417684e-01
  -2.7011318e-01
  -2.7524304e-01
  -2.7955604e-01
  -2.8304431e-01
  -2.8570244e-01
  -2.8752737e-01
  -2.8851835e-01
  -2.8867686e-01
  -2.8800659e-01
  -2.8651352e-01
  -2.8420594e-01
  -2.8109453e-01
  -2.7719234e-01
  -2.7251480e-01
  -2.6707955e-01
  -2.6090636e-01
  -2.5401683e-01
  -2.4643425e-01
  -2.3818333e-01
  -2.2928997e-01
  -2.1978116e-01
  -2.0968474e-01
  -1.9902931e-01
  -1.8784413e-01
  -1.7615906e-01
  -1.6400452e-01
  -1.5141151e-01
  -1.3841163e-01
  -1.2503711e-01
  -1.1132084e-01
  -9.7296398e-02
  -8.2998034e-02
  -6.8460629e-02
  -5.3719674e-02
  -3.8811235e-02
  -2.3771941e-02
  -8.6389721e-03
   6.5499737e-03
   2.1756742e-02
   3.6942829e-02
   5.2069512e-02
   6.7097998e-02
   8.1989583e-02
   9.6705796e-02
   1.1120855e-01
   1.2546029e-01
   1.3942404e-01
   1.5306351e-01
   1.6634312e-01
   1.7922795e-01
   1.9168374e-01
   2.0367687e-01
   2.1517434e-01
   2.2614382e-01
   2.3655368e-01
   2.4637309e-01
   2.5557206e-01
   2.6412163e-01
   2.7199391e-01
   2.7916222e-01
   2.8560114e-01
   2.9128670e-01
   2.9619648e-01
   3.0030993e-01
   3.0360867e-01
   3.0607692e-01
   3.0770195e-01
   3.0847456e-01
   3.0838954e-01
   3.0744611e-01
   3.0564828e-01
   3.0300518e-01
   2.9953128e-01
   2.9524647e-01
   2.9017610e-01
   2.8435087e-01
   2.7780661e-01
   2.7058393e-01
   2.6272782e-01
   2.5428717e-01
   2.4531420e-01
   2.3586388e-01
   2.2599321e-01
   2.1576052e-01
   2.0522465e-01
   1.9444409e-01
   1.8347615e-01
   1.7237617e-01
   1.6119683e-01
   1.4998747e-01
   1.3879367e-01
   1.2765674e-01
   1.1661352e-01
   1.0569613e-01
   9.4931940e-02
   8.4343596e-02
   7.3949188e-02
   6.3762514e-02
   5.3793445e-02
   4.4048374e-02
   3.4530707e-02
   2.5241373e-02
   1.6179330e-02
   7.3420455e-03
  -1.2740481e-03
  -9.6731241e-03
  -1.7859580e-02
  -2.5837710e-02
  -3.3611444e-02
  -4.1184170e-02
  -4.8558630e-02
  -5.5736895e-02
  -6.2720397e-02
  -6.9509989e-02
  -7.6106019e-02
  -8.2508396e-02
  -8.8716642e-02
  -9.4729932e-02
  -1.0054710e-01
  -1.0616664e-01
  -1.1158663e-01
  -1.1680469e-01
  -1.2181791e-01
  -1.2662271e-01
  -1.3121480e-01
  -1.3558900e-01
  -1.3973921e-01
  -1.4365832e-01
  -1.4733817e-01
  -1.5076956e-01
  -1.5394234e-01
  -1.5684543e-01
  -1.5946698e-01
  -1.6179449e-01
  -1.6381500e-01
  -1.6551532e-01
  -1.6688223e-01
  -1.6790282e-01
  -1.6856474e-01
  -1.6885660e-01
  -1.6876828e-01
  -1.6829130e-01
  -1.6741913e-01
  -1.6614752e-01
  -1.6447470e-01
  -1.6240155e-01
  -1.5993160e-01
  -1.5707101e-01
  -1.5382844e-01
  -1.5021476e-01
  -1.4624284e-01
  -1.4192718e-01
  -1.3728360e-01
  -1.3232885e-01
  -1.2708031e-01
  -1.2155565e-01
  -1.1577262e-01
  -1.0974887e-01
  -1.0350180e-01
  -9.7048539e-02
  -9.0405896e-02
  -8.3590381e-02
  -7.6618245e-02
  -6.9505513e-02
  -6.2268039e-02
  -5.4921553e-02
  -4.7481704e-02
  -3.9964100e-02
  -3.2384340e-02
  -2.4758063e-02
  -1.7101019e-02
  -9.4291736e-03
  -1.7588472e-03
   5.8931252e-03
   1.3509232e-02
   2.1071138e-02
   2.8559579e-02
   3.5954311e-02
   4.3234134e-02
   5.0376999e-02
   5.7360178e-02
   6.4160508e-02
   7.0754664e-02
   7.7119441e-02
   8.3232044e-02
   8.9070360e-02
   9.4613219e-02
   9.9840626e-02
   1.0473397e-01
   1.0927619e-01
   1.1345191e-01
   1.1724760e-01
   1.2065161e-01
   1.2365429e-01
   1.2624803e-01
   1.2842733e-01
   1.3018873e-01
   1.3153086e-01
   1.3245428e-01
   1.3296139e-01
   1.3305625e-01
   1.3274445e-01
   1.3203290e-01
   1.3092970e-01
   1.2944395e-01
   1.2758565e-01
   1.2536555e-01
   1.2279505e-01
   1.1988610e-01
   1.1665108e-01
   1.1310277e-01
   1.0925420e-01
   1.0511862e-01
   1.0070938e-01
   9.6039920e-02
   9.1123640e-02
   8.5973871e-02
   8.0603771e-02
   7.5026246e-02
   6.9253856e-02
   6.3298734e-02
   5.7172526e-02
   5.0886358e-02
   4.4450819e-02
   3.7875967e-02
   3.1171348e-02
   2.4346041e-02
   1.7408750e-02
   1.0367946e-02
   3.2320561e-03
  -3.9903077e-03
  -1.1290093e-02
  -1.8657556e-02
  -2.6082023e-02
  -3.3551698e-02
  -4.1053525e-02
  -4.8573111e-02
  -5.6094718e-02
  -6.3601308e-02
  -7.1074619e-02
  -7.8495257e-02
  -8.5842808e-02
  -9.3095939e-02
  -1.0023251e-01
  -1.0722972e-01
  -1.1406418e-01
  -1.2071207e-01
  -1.2714926e-01
  -1.3335146e-01
  -1.3929431e-01
  -1.4495358e-01
  -1.5030530e-01
  -1.5532583e-01
  -1.5999204e-01
  -1.6428135e-01
  -1.6817188e-01
  -1.7164257e-01
  -1.7467324e-01
  -1.7724480e-01
  -1.7933942e-01
  -1.8094065e-01
  -1.8203367e-01
  -1.8260546e-01
  -1.8264494e-01
  -1.8214318e-01
  -1.8109355e-01
  -1.7949190e-01
  -1.7733669e-01
  -1.7462918e-01
  -1.7137351e-01
  -1.6757681e-01
  -1.6324925e-01
  -1.5840401e-01
  -1.5305727e-01
  -1.4722822e-01
  -1.4093894e-01
  -1.3421436e-01
  -1.2708218e-01
  -1.1957279e-01
  -1.1171914e-01
  -1.0355676e-01
  -9.5123598e-02
  -8.6459962e-02
  -7.7608429e-02
  -6.8613689e-02
  -5.9522367e-02
  -5.0382782e-02
  -4.1244645e-02
  -3.2158690e-02
  -2.3176224e-02
  -1.4348619e-02
  -5.7267582e-03
   2.6395588e-03
   1.0702240e-02
   1.8415563e-02
   2.5736871e-02
   3.2627316e-02
   3.9052634e-02
   4.4983959e-02
   5.0398648e-02
   5.5281095e-02
   5.9623477e-02
   6.3426393e-02
   6.6699314e-02
   6.9460769e-02
