   1.5066721e-01
   1.6939298e-01
   1.8609598e-01
   2.0008644e-01
   2.1065860e-01
   2.1710724e-01
   2.1874632e-01
   2.1492954e-01
   2.0507240e-01
   1.8867548e-01
   1.6534854e-01
   1.3483469e-01
   9.7034242e-02
   5.2027430e-02
   9.5296291e-05
  -5.8262051e-02
  -1.2231062e-01
  -1.9107203e-01
  -2.6331810e-01
  -3.3757141e-01
  -4.1211260e-01
  -4.8499496e-01
  -5.5406718e-01
  -6.1700439e-01
  -6.7134812e-01
  -7.1455507e-01
  -7.4405474e-01
  -7.5731558e-01
  -7.5191909e-01
  -7.2564111e-01
  -6.7653908e-01
  -6.0304410e-01
  -5.0405591e-01
  -3.7903910e-01
  -2.2811817e-01
  -5.2169316e-02
   1.4709385e-01
   3.6704319e-01
   6.0407037e-01
   8.5353531e-01
   1.1097317e+00
   1.3658716e+00
   1.6140928e+00
   1.8454884e+00
   2.0501635e+00
   2.2173173e+00
   2.3353527e+00
   2.3920121e+00
   2.3745401e+00
   2.2698686e+00
   2.0648254e+00
   1.7463583e+00
   1.3017750e+00
   7.1898963e-01
  -1.3227473e-02
  -9.0500420e-01
  -1.9651325e+00
  -3.2008520e+00
  -4.6176600e+00
  -6.2191520e+00
  -8.0069021e+00
  -9.9803849e+00
  -1.2136943e+01
  -1.4471805e+01
  -1.6978140e+01
  -1.9647172e+01
  -2.2468317e+01
  -2.5429367e+01
  -2.8516699e+01
  -3.1715504e+01
  -3.5010038e+01
  -3.8383875e+01
  -4.1820174e+01
  -4.5301928e+01
  -4.8812220e+01
  -5.2334454e+01
  -5.5852577e+01
  -5.9351275e+01
  -6.2816150e+01
  -6.6233869e+01
  -6.9592295e+01
  -7.2880579e+01
  -7.6089236e+01
  -7.9210193e+01
  -8.2236804e+01
  -8.5163852e+01
  -8.7987516e+01
  -9.0705320e+01
  -9.3316069e+01
  -9.5819757e+01
  -9.8217470e+01
  -1.0051127e+02
  -1.0270407e+02
  -1.0479953e+02
  -1.0680189e+02
  -1.0871588e+02
  -1.1054658e+02
  -1.1229930e+02
  -1.1397948e+02
  -1.1559255e+02
  -1.1714389e+02
  -1.1863873e+02
  -1.2008205e+02
  -1.2147856e+02
  -1.2283264e+02
  -1.2414829e+02
  -1.2542916e+02
  -1.2667845e+02
  -1.2789900e+02
  -1.2909322e+02
  -1.3026315e+02
  -1.3141046e+02
  -1.3253649e+02
  -1.3364225e+02
  -1.3472847e+02
  -1.3579565e+02
  -1.3684407e+02
  -1.3787383e+02
  -1.3888491e+02
  -1.3987716e+02
  -1.4085036e+02
  -1.4180426e+02
  -1.4273858e+02
  -1.4365304e+02
  -1.4454740e+02
  -1.4542145e+02
  -1.4627503e+02
  -1.4710807e+02
  -1.4792055e+02
  -1.4871252e+02
  -1.4948414e+02
  -1.5023561e+02
  -1.5096723e+02
  -1.5167934e+02
  -1.5237237e+02
  -1.5304678e+02
  -1.5370308e+02
  -1.5434184e+02
  -1.5496362e+02
  -1.5556902e+02
  -1.5615864e+02
  -1.5673310e+02
  -1.5729298e+02
  -1.5783888e+02
  -1.5837136e+02
  -1.5889096e+02
  -1.5939818e+02
  -1.5989351e+02
  -1.6037738e+02
  -1.6085020e+02
  -1.6131235e+02
  -1.6176415e+02
  -1.6220591e+02
  -1.6263789e+02
  -1.6306033e+02
  -1.6347345e+02
  -1.6387743e+02
  -1.6427245e+02
  -1.6465866e+02
  -1.6503620e+02
  -1.6540522e+02
  -1.6576585e+02
  -1.6611822e+02
  -1.6646246e+02
  -1.6679872e+02
  -1.6712716e+02
  -1.6744792e+02
  -1.6776119e+02
  -1.6806715e+02
  -1.6836599e+02
  -1.6865793e+02
  -1.6894318e+02
  -1.6922198e+02
  -1.6949456e+02
  -1.6976115e+02
  -1.7002201e+02
  -1.7027738e+02
  -1.7052748e+02
  -1.7077255e+02
  -1.7101280e+02
  -1.7124841e+02
  -1.7147957e+02
  -1.7170642e+02
  -1.7192907e+02
  -1.7214760e+02
  -1.7236206e+02
  -1.7257246e+02
  -1.7277874e+02
  -1.7298083e+02
  -1.7317861e+02
  -1.7337192e+02
  -1.7356053e+02
  -1.7374422e+02
  -1.7392271e+02
  -1.7409570e+02
  -1.7426287e+02
  -1.7442388e+02
  -1.7457841e+02
  -1.7472613e+02
  -1.7486675e+02
  -1.7499999e+02
  -1.7512563e+02
  -1.7524350e+02
  -1.7535352e+02
  -1.7545567e+02
  -1.7555005e+02
  -1.7563686e+02
  -1.7571642e+02
  -1.7578916e+02
  -1.7585568e+02
  -1.7591669e+02
  -1.7597304e+02
  -1.7602573e+02
  -1.7607585e+02
  -1.7612466e+02
  -1.7617348e+02
  -1.7622372e+02
  -1.7627686e+02
  -1.7633439e+02
  -1.7639779e+02
  -1.7646852e+02
  -1.7654793e+02
  -1.7663723e+02
  -1.7673747e+02
  -1.7684943e+02
  -1.7697363e+02
  -1.7711023e+02
  -1.7725901e+02
  -1.7741930e+02
  -1.7758993e+02
  -1.7776920e+02
  -1.7795485e+02
  -1.7814404e+02
  -1.7833328e+02
  -1.7851850e+02
  -1.7869501e+02
  -1.7885751e+02
  -1.7900015e+02
  -1.7911659e+02
  -1.7920000e+02
  -1.7924319e+02
  -1.7923869e+02
  -1.7917883e+02
  -1.7905587e+02
  -1.7886209e+02
  -1.7858997e+02
  -1.7823226e+02
  -1.7778214e+02
  -1.7723332e+02
  -1.7658019e+02
  -1.7581790e+02
  -1.7494246e+02
  -1.7395078e+02
  -1.7284078e+02
  -1.7161136e+02
  -1.7026245e+02
  -1.6879496e+02
  -1.6721077e+02
  -1.6551264e+02
  -1.6370419e+02
  -1.6178975e+02
  -1.5977432e+02
  -1.5766340e+02
  -1.5546296e+02
  -1.5317924e+02
  -1.5081872e+02
  -1.4838796e+02
  -1.4589352e+02
  -1.4334186e+02
  -1.4073929e+02
  -1.3809183e+02
  -1.3540522e+02
  -1.3268483e+02
  -1.2993566e+02
  -1.2716227e+02
  -1.2436879e+02
  -1.2155896e+02
  -1.1873605e+02
  -1.1590296e+02
  -1.1306221e+02
  -1.1021594e+02
  -1.0736600e+02
  -1.0451395e+02
  -1.0166109e+02
  -9.8808505e+01
  -9.5957121e+01
  -9.3107700e+01
  -9.0260879e+01
  -8.7417195e+01
  -8.4577096e+01
  -8.1740947e+01
  -7.8909035e+01
  -7.6081563e+01
  -7.3258640e+01
  -7.0440260e+01
  -6.7626287e+01
  -6.4816425e+01
  -6.2010188e+01
  -5.9206875e+01
  -5.6405534e+01
  -5.3604940e+01
  -5.0803560e+01
  -4.7999540e+01
  -4.5190691e+01
  -4.2374475e+01
  -3.9548020e+01
  -3.6708120e+01
  -3.3851270e+01
  -3.0973692e+01
  -2.8071387e+01
  -2.5140188e+01
  -2.2175830e+01
  -1.9174026e+01
  -1.6130558e+01
  -1.3041368e+01
  -9.9026624e+00
  -6.7110159e+00
  -3.4634801e+00
  -1.5768971e-01
   3.2080343e+00
   6.6345887e+00
   1.0122002e+01
   1.3669362e+01
   1.7274759e+01
   2.0935246e+01
   2.4646827e+01
   2.8404457e+01
   3.2202076e+01
   3.6032663e+01
   3.9888308e+01
   4.3760316e+01
   4.7639320e+01
   5.1515418e+01
   5.5378317e+01
   5.9217494e+01
   6.3022357e+01
   6.6782408e+01
   7.0487410e+01
   7.4127543e+01
   7.7693550e+01
   8.1176879e+01
   8.4569799e+01
   8.7865506e+01
   9.1058204e+01
   9.4143169e+01
   9.7116784e+01
   9.9976557e+01
   1.0272111e+02
   1.0535017e+02
   1.0786448e+02
   1.1026576e+02
   1.1255664e+02
   1.1474053e+02
   1.1682154e+02
   1.1880436e+02
   1.2069415e+02
   1.2249642e+02
   1.2421693e+02
   1.2586157e+02
   1.2743625e+02
   1.2894683e+02
   1.3039903e+02
   1.3179831e+02
   1.3314988e+02
   1.3445859e+02
   1.3572891e+02
   1.3696491e+02
   1.3817023e+02
   1.3934807e+02
   1.4050119e+02
   1.4163192e+02
   1.4274220e+02
   1.4383355e+02
   1.4490715e+02
   1.4596385e+02
   1.4700418e+02
   1.4802845e+02
   1.4903670e+02
   1.5002883e+02
   1.5100456e+02
   1.5196352e+02
   1.5290524e+02
   1.5382923e+02
   1.5473494e+02
   1.5562187e+02
   1.5648952e+02
   1.5733745e+02
   1.5816527e+02
   1.5897267e+02
   1.5975944e+02
   1.6052543e+02
   1.6127062e+02
   1.6199506e+02
   1.6269890e+02
   1.6338239e+02
   1.6404584e+02
   1.6468966e+02
   1.6531433e+02
   1.6592039e+02
   1.6650842e+02
   1.6707906e+02
   1.6763298e+02
   1.6817088e+02
   1.6869345e+02
   1.6920142e+02
   1.6969550e+02
   1.7017640e+02
   1.7064479e+02
   1.7110133e+02
   1.7154666e+02
   1.7198136e+02
   1.7240600e+02
   1.7282106e+02
   1.7322700e+02
   1.7362423e+02
   1.7401309e+02
   1.7439387e+02
   1.7476681e+02
   1.7513208e+02
   1.7548979e+02
   1.7584002e+02
   1.7618278e+02
   1.7651802e+02
   1.7684567e+02
   1.7716560e+02
   1.7747766e+02
   1.7778168e+02
   1.7807745e+02
   1.7836478e+02
   1.7864346e+02
   1.7891330e+02
   1.7917415e+02
   1.7942588e+02
   1.7966841e+02
   1.7990174e+02
   1.8012591e+02
   1.8034109e+02
   1.8054750e+02
   1.8074551e+02
   1.8093556e+02
   1.8111825e+02
   1.8129429e+02
   1.8146450e+02
   1.8162982e+02
   1.8179133e+02
   1.8195019e+02
   1.8210764e+02
   1.8226501e+02
   1.8242366e+02
   1.8258496e+02
   1.8275026e+02
   1.8292087e+02
   1.8309800e+02
   1.8328272e+02
   1.8347593e+02
   1.8367829e+02
   1.8389020e+02
   1.8411174e+02
   1.8434264e+02
   1.8458222e+02
   1.8482936e+02
   1.8508247e+02
   1.8533947e+02
   1.8559777e+02
   1.8585424e+02
   1.8610523e+02
   1.8634660e+02
   1.8657368e+02
   1.8678135e+02
   1.8696410e+02
   1.8711601e+02
   1.8723092e+02
   1.8730242e+02
   1.8732399e+02
   1.8728908e+02
   1.8719121e+02
   1.8702410e+02
   1.8678175e+02
   1.8645857e+02
   1.8604946e+02
   1.8554994e+02
   1.8495622e+02
   1.8426526e+02
   1.8347484e+02
   1.8258361e+02
   1.8159110e+02
   1.8049769e+02
   1.7930466e+02
   1.7801409e+02
   1.7662883e+02
   1.7515247e+02
   1.7358920e+02
   1.7194377e+02
   1.7022143e+02
   1.6842777e+02
   1.6656870e+02
   1.6465031e+02
   1.6267885e+02
   1.6066061e+02
   1.5860185e+02
   1.5650879e+02
   1.5438750e+02
   1.5224388e+02
   1.5008364e+02
   1.4791222e+02
   1.4573483e+02
   1.4355638e+02
   1.4138148e+02
   1.3921446e+02
   1.3705930e+02
   1.3491968e+02
   1.3279896e+02
   1.3070017e+02
   1.2862601e+02
   1.2657884e+02
   1.2456070e+02
   1.2257328e+02
   1.2061797e+02
   1.1869580e+02
   1.1680747e+02
   1.1495339e+02
   1.1313363e+02
   1.1134798e+02
   1.0959594e+02
   1.0787677e+02
   1.0618947e+02
   1.0453286e+02
   1.0290558e+02
   1.0130610e+02
   9.9732806e+01
   9.8184008e+01
   9.6657962e+01
   9.5152915e+01
   9.3667134e+01
   9.2198931e+01
   9.0746691e+01
   8.9308893e+01
   8.7884129e+01
   8.6471116e+01
   8.5068711e+01
   8.3675916e+01
   8.2291883e+01
   8.0915916e+01
   7.9547464e+01
   7.8186124e+01
   7.6831627e+01
   7.5483832e+01
   7.4142716e+01
   7.2808363e+01
   7.1480950e+01
   7.0160732e+01
   6.8848037e+01
   6.7543242e+01
   6.6246771e+01
   6.4959075e+01
   6.3680627e+01
   6.2411907e+01
   6.1153394e+01
   5.9905560e+01
   5.8668860e+01
   5.7443728e+01
   5.6230571e+01
   5.5029767e+01
   5.3841662e+01
   5.2666568e+01
   5.1504763e+01
   5.0356492e+01
   4.9221967e+01
   4.8101368e+01
   4.6994847e+01
   4.5902529e+01
   4.4824512e+01
   4.3760875e+01
   4.2711673e+01
   4.1676945e+01
   4.0656714e+01
   3.9650988e+01
   3.8659761e+01
   3.7683015e+01
   3.6720719e+01
   3.5772827e+01
   3.4839279e+01
   3.3920000e+01
   3.3014894e+01
   3.2123846e+01
   3.1246714e+01
   3.0383331e+01
   2.9533499e+01
   2.8696984e+01
   2.7873519e+01
   2.7062797e+01
   2.6264469e+01
   2.5478146e+01
   2.4703398e+01
   2.3939754e+01
   2.3186706e+01
   2.2443713e+01
   2.1710204e+01
   2.0985588e+01
   2.0269256e+01
   1.9560600e+01
   1.8859016e+01
   1.8163917e+01
   1.7474749e+01
   1.6791006e+01
   1.6112239e+01
   1.5438076e+01
   1.4768234e+01
   1.4102534e+01
   1.3440917e+01
   1.2783450e+01
   1.2130343e+01
   1.1481954e+01
   1.0838798e+01
   1.0201546e+01
   9.5710324e+00
   8.9482443e+00
   8.3343214e+00
   7.7305429e+00
   7.1383141e+00
   6.5591481e+00
   5.9946438e+00
   5.4464601e+00
   4.9162874e+00
   4.4058149e+00
   3.9166968e+00
   3.4505165e+00
   3.0087504e+00
   2.5927320e+00
   2.2036171e+00
   1.8423530e+00
   1.5096500e+00
   1.2059599e+00
   9.3145940e-01
   6.8604148e-01
   4.6931399e-01
   2.8060603e-01
   1.1898143e-01
  -1.6741248e-02
  -1.2796331e-01
  -2.1627610e-01
  -2.8342793e-01
  -3.3128890e-01
  -3.6181473e-01
  -3.7701065e-01
  -3.7889619e-01
  -3.6947191e-01
  -3.5068855e-01
  -3.2441926e-01
  -2.9243535e-01
  -2.5638583e-01
  -2.1778091e-01
  -1.7797962e-01
  -1.3818132e-01
  -9.9421131e-02
  -6.2568963e-02
  -2.8331841e-02
   2.7407596e-03
   3.0248998e-02
   5.3932577e-02
   7.3658884e-02
   8.9409802e-02
   1.0126759e-01
   1.0940022e-01
   1.1404659e-01
   1.1550184e-01
   1.1410320e-01
   1.1021650e-01
   1.0422369e-01
   9.6511393e-02
   8.7460802e-02
   7.7438814e-02
   6.6790615e-02
   5.5833657e-02
   4.4853015e-02
   3.4098097e-02
   2.3780623e-02
   1.4073791e-02
   5.1125103e-03
  -3.0054030e-03
  -1.0217214e-02
  -1.6492569e-02
  -2.1830244e-02
  -2.6254484e-02
  -2.9811065e-02
  -3.2563206e-02
  -3.4587455e-02
  -3.5969644e-02
  -3.6801045e-02
  -3.7174777e-02
  -3.7182564e-02
  -3.6911898e-02
  -3.6443655e-02
  -3.5850192e-02
  -3.5193960e-02
  -3.4526625e-02
  -3.3888690e-02
