   2.2766014e-06
   2.3380977e-06
   2.3461882e-06
   2.2938593e-06
   2.1747871e-06
   1.9835902e-06
   1.7160909e-06
   1.3695780e-06
   9.4306442e-07
   4.3753262e-07
  -1.4384011e-07
  -7.9548554e-07
  -1.5092857e-06
  -2.2744610e-06
  -3.0775133e-06
  -3.9022335e-06
  -4.7297806e-06
  -5.5388401e-06
  -6.3058672e-06
  -7.0054197e-06
  -7.6105822e-06
  -8.0934839e-06
  -8.4259065e-06
  -8.5799795e-06
  -8.5289540e-06
  -8.2480463e-06
  -7.7153375e-06
  -6.9127121e-06
  -5.8268169e-06
  -4.4500175e-06
  -2.7813262e-06
  -8.2727464e-07
   1.3972999e-06
   3.8685850e-06
   6.5532742e-06
   9.4082299e-06
   1.2380361e-05
   1.5406748e-05
   1.8415033e-05
   2.1324123e-05
   2.4045190e-05
   2.6483022e-05
   2.8537698e-05
   3.0106606e-05
   3.1086793e-05
   3.1377609e-05
   3.0883644e-05
   2.9517891e-05
   2.7205098e-05
   2.3885229e-05
   1.9516983e-05
   1.4081257e-05
   7.5844720e-06
   6.1659391e-08
  -8.4208153e-06
  -1.7763000e-05
  -2.7829694e-05
  -3.8449505e-05
  -4.9414725e-05
  -6.0482144e-05
  -7.1374903e-05
  -8.1785457e-05
  -9.1379724e-05
  -9.9802451e-05
  -1.0668383e-04
  -1.1164732e-04
  -1.1431865e-04
  -1.1433594e-04
  -1.1136071e-04
  -1.0508977e-04
  -9.5267616e-05
  -8.1699221e-05
  -6.4262837e-05
  -4.2922519e-05
  -1.7739988e-05
   1.1114543e-05
   4.3353012e-05
   7.8562044e-05
   1.1619782e-04
   1.5558369e-04
   1.9591101e-04
   2.3624349e-04
   2.7552547e-04
   3.1259432e-04
   3.4619736e-04
   3.7501309e-04
   3.9767711e-04
   4.1281237e-04
   4.1906360e-04
   4.1513559e-04
   3.9983474e-04
   3.7211328e-04
   3.3111527e-04
   2.7622339e-04
   2.0710555e-04
   1.2375984e-04
   2.6556634e-05
  -8.3723725e-05
  -2.0585918e-04
  -3.3816177e-04
  -4.7846249e-04
  -6.2410695e-04
  -7.7196308e-04
  -9.1844242e-04
  -1.0595360e-03
  -1.1908660e-03
  -1.3077534e-03
  -1.4053020e-03
  -1.4785000e-03
  -1.5223354e-03
  -1.5319286e-03
  -1.5026764e-03
  -1.4304081e-03
  -1.3115503e-03
  -1.1432964e-03
  -9.2377826e-04
  -6.5223462e-04
  -3.2917235e-04
   4.3485053e-05
   4.6226725e-04
   9.2205066e-04
   1.4159819e-03
   1.9354368e-03
   2.4700204e-03
   3.0076140e-03
   3.5344722e-03
   4.0353768e-03
   4.4938468e-03
   4.8924107e-03
   5.2129376e-03
   5.4370291e-03
   5.5464687e-03
   5.5237228e-03
   5.3524895e-03
   5.0182847e-03
   4.5090569e-03
   3.8158159e-03
   2.9332645e-03
   1.8604137e-03
   6.0116543e-04
  -8.3515680e-04
  -2.4333493e-03
  -4.1719631e-03
  -6.0230528e-03
  -7.9520599e-03
  -9.9178509e-03
  -1.1872928e-02
  -1.3763827e-02
  -1.5531716e-02
  -1.7113208e-02
  -1.8441381e-02
  -1.9447017e-02
  -2.0060046e-02
  -2.0211190e-02
  -1.9833773e-02
  -1.8865687e-02
  -1.7251468e-02
  -1.4944452e-02
  -1.1908944e-02
  -8.1223632e-03
  -3.5772939e-03
   1.7166263e-03
   7.7310497e-03
   1.4417568e-02
   2.1706743e-02
   2.9507596e-02
   3.7707618e-02
   4.6173384e-02
   5.4751804e-02
   6.3272082e-02
   7.1548392e-02
   7.9383308e-02
   8.6571956e-02
   9.2906882e-02
   9.8183562e-02
   1.0220648e-01
   1.0479563e-01
   1.0579334e-01
   1.0507119e-01
   1.0253672e-01
   9.8139907e-02
   9.1878761e-02
   8.3804002e-02
   7.4022247e-02
   6.2697360e-02
   5.0049504e-02
   3.6351405e-02
   2.1921323e-02
   7.1123248e-03
  -7.7021828e-03
  -2.2145843e-02
  -3.5857800e-02
  -4.8509877e-02
  -5.9820634e-02
  -6.9565482e-02
  -7.7582879e-02
  -8.3777043e-02
  -8.8117666e-02
  -9.0637138e-02
  -9.1425718e-02
  -9.0625096e-02
  -8.8420743e-02
  -8.5033396e-02
  -8.0710026e-02
  -7.5714571e-02
  -7.0318699e-02
  -6.4792838e-02
  -5.9397664e-02
  -5.4376224e-02
  -4.9946841e-02
  -4.6296917e-02
  -4.3577739e-02
  -4.1900359e-02
  -4.1332612e-02
  -4.1897313e-02
  -4.3571649e-02
  -4.6287788e-02
  -4.9934686e-02
  -5.4361067e-02
  -5.9379548e-02
  -6.4771833e-02
  -7.0294909e-02
  -7.5688146e-02
  -8.0681167e-02
  -8.5002368e-02
  -8.8387881e-02
  -9.0590813e-02
  -9.1390510e-02
  -9.0601589e-02
  -8.8082447e-02
  -8.3742910e-02
  -7.7550670e-02
  -6.9536107e-02
  -5.9795063e-02
  -4.8489123e-02
  -3.5842902e-02
  -2.2137839e-02
  -7.7020819e-03
   7.1035687e-03
   2.1902847e-02
   3.6322475e-02
   5.0009548e-02
   6.2646006e-02
   7.3959364e-02
   8.3729732e-02
   9.1793553e-02
   9.8044548e-02
   1.0243236e-01
   1.0495935e-01
   1.0567595e-01
   1.0467498e-01
   1.0208527e-01
   9.8064834e-02
   9.2794011e-02
   8.6468598e-02
   7.9293339e-02
   7.1475838e-02
   6.3221031e-02
   5.4726307e-02
   4.6177344e-02
   3.7744671e-02
   2.9580977e-02
   2.1819155e-02
   1.4571038e-02
   7.9267935e-03
   1.9549089e-03
  -3.2972844e-03
  -7.8026329e-03
  -1.1552793e-02
  -1.4556554e-02
  -1.6837922e-02
  -1.8434040e-02
  -1.9393010e-02
  -1.9771678e-02
  -1.9633439e-02
  -1.9046118e-02
  -1.8079953e-02
  -1.6805733e-02
  -1.5293110e-02
  -1.3609102e-02
  -1.1816816e-02
  -9.9743775e-03
  -8.1340898e-03
  -6.3418046e-03
  -4.6365056e-03
  -3.0500907e-03
  -1.6073380e-03
  -3.2604157e-04
   7.8270461e-04
   1.7140909e-03
   2.4690670e-03
   3.0537272e-03
   3.4786258e-03
   3.7580435e-03
   3.9092216e-03
   3.9515839e-03
   3.9059607e-03
   3.7938315e-03
   3.6365989e-03
   3.4549060e-03
   3.2680092e-03
   3.0932141e-03
   2.9453827e-03
   2.8365199e-03
   2.7754429e-03
   2.7675390e-03
   2.8146139e-03
   2.9148335e-03
   3.0627594e-03
   3.2494783e-03
   3.4628242e-03
   3.6876902e-03
   3.9064283e-03
   4.0993299e-03
   4.2451839e-03
   4.3219020e-03
   4.3072048e-03
   4.1793568e-03
   3.9179387e-03
   3.5046442e-03
   2.9240844e-03
   2.1645851e-03
   1.2189575e-03
   8.5223918e-05
  -1.2327234e-03
  -2.7245491e-03
  -4.3730109e-03
  -6.1536259e-03
  -8.0344873e-03
  -9.9762520e-03
  -1.1932318e-02
  -1.3849206e-02
  -1.5667159e-02
  -1.7320966e-02
  -1.8741024e-02
  -1.9854621e-02
  -2.0587449e-02
  -2.0865329e-02
  -2.0616122e-02
  -1.9771809e-02
  -1.8270698e-02
  -1.6059718e-02
  -1.3096749e-02
  -9.3529326e-03
  -4.8148989e-03
   5.1316174e-04
   6.6076551e-03
   1.3424044e-02
   2.0895696e-02
   2.8933190e-02
   3.7424166e-02
   4.6233785e-02
   5.5205852e-02
   6.4164674e-02
   7.2917669e-02
   8.1258759e-02
   8.8972537e-02
   9.5839198e-02
   1.0164015e-01
   1.0616428e-01
   1.0921465e-01
   1.1061565e-01
   1.1022021e-01
   1.0791698e-01
   1.0363719e-01
   9.7360845e-02
   8.9121905e-02
   7.9012088e-02
   6.7182846e-02
   5.3845056e-02
   3.9265913e-02
   2.3762537e-02
   7.6918234e-03
  -8.5634915e-03
  -2.4611754e-02
  -4.0070484e-02
  -5.4583302e-02
  -6.7833877e-02
  -7.9556080e-02
  -8.9540405e-02
  -9.7637080e-02
  -1.0375640e-01
  -1.0786678e-01
  -1.0999093e-01
  -1.1020072e-01
  -1.0861095e-01
  -1.0537253e-01
  -1.0066523e-01
  -9.4690455e-02
  -8.7664066e-02
  -7.9809592e-02
  -7.1351912e-02
  -6.2511533e-02
  -5.3499567e-02
  -4.4513428e-02
  -3.5733312e-02
  -2.7319425e-02
  -1.9409982e-02
  -1.2119905e-02
  -5.5401983e-03
   2.6206348e-04
   5.2432085e-03
   9.3819611e-03
   1.2678034e-02
   1.5150394e-02
   1.6835263e-02
   1.7783939e-02
   1.8060484e-02
   1.7739343e-02
   1.6902954e-02
   1.5639384e-02
   1.4040030e-02
   1.2197430e-02
   1.0203196e-02
   8.1461004e-03
   6.1103195e-03
   4.1738605e-03
   2.4071654e-03
   8.7190308e-04
  -3.8005100e-04
  -1.3074471e-03
  -1.8803064e-03
  -2.0803805e-03
  -1.9014265e-03
  -1.3492989e-03
  -4.4185872e-04
   7.9130109e-04
   2.3093135e-03
   4.0606808e-03
   5.9841039e-03
   8.0094992e-03
   1.0059202e-02
   1.2049356e-02
   1.3891482e-02
   1.5494224e-02
   1.6765255e-02
   1.7613333e-02
   1.7950485e-02
   1.7694291e-02
   1.6770236e-02
   1.5114098e-02
   1.2674312e-02
   9.4142746e-03
   5.3145217e-03
   3.7471833e-04
  -5.3846073e-03
  -1.1920655e-02
  -1.9167343e-02
  -2.7034770e-02
  -3.5409216e-02
  -4.4153755e-02
  -5.3109526e-02
  -6.2097719e-02
  -7.0922310e-02
  -7.9373551e-02
  -8.7232229e-02
  -9.4274656e-02
  -1.0027834e-01
  -1.0502826e-01
  -1.0832360e-01
  -1.0998490e-01
  -1.0986121e-01
  -1.0783732e-01
  -1.0384054e-01
  -9.7846863e-02
  -8.9886133e-02
  -8.0045813e-02
  -6.8472942e-02
  -5.5373811e-02
  -4.1010871e-02
  -2.5696351e-02
  -9.7821518e-03
   6.3540222e-03
   2.2325514e-02
   3.7754697e-02
   5.2289779e-02
   6.5618609e-02
   7.7478667e-02
   8.7663313e-02
   9.6024714e-02
   1.0247399e-01
   1.0697904e-01
   1.0956062e-01
   1.1028693e-01
   1.0926732e-01
   1.0664528e-01
   1.0259115e-01
   9.7294827e-02
   9.0958590e-02
   8.3790383e-02
   7.5997615e-02
   6.7781636e-02
   5.9332973e-02
   5.0827374e-02
   4.2422699e-02
   3.4256642e-02
   2.6445284e-02
   1.9082418e-02
   1.2239612e-02
   5.9669106e-03
   2.9413461e-04
  -4.7673459e-03
  -9.2224276e-03
  -1.3089788e-02
  -1.6399187e-02
  -1.9188646e-02
  -2.1501599e-02
  -2.3384100e-02
  -2.4882153e-02
  -2.6039256e-02
  -2.6894210e-02
  -2.7479243e-02
  -2.7818509e-02
  -2.7926990e-02
  -2.7809821e-02
  -2.7462070e-02
  -2.6868956e-02
  -2.6006521e-02
  -2.4842727e-02
  -2.3338959e-02
  -2.1451891e-02
  -1.9135680e-02
  -1.6344417e-02
  -1.3034795e-02
  -9.1688945e-03
  -4.7170363e-03
   3.3940800e-04
   6.0053188e-03
   1.2269345e-02
   1.9101728e-02
   2.6452524e-02
   3.4250316e-02
   4.2401507e-02
   5.0790262e-02
   5.9279183e-02
   6.7710758e-02
   7.5909629e-02
   8.3685707e-02
   9.0838116e-02
   9.7159955e-02
   1.0244381e-01
   1.0648796e-01
   1.0910304e-01
   1.1011926e-01
   1.0939363e-01
   1.0681729e-01
   1.0232245e-01
   9.5888689e-02
   8.7548356e-02
   7.7390465e-02
   6.5562853e-02
   5.2272019e-02
   3.7780182e-02
   2.2399018e-02
   6.4796612e-03
  -9.6011074e-03
  -2.5457668e-02
  -4.0713542e-02
  -5.5018234e-02
  -6.8061087e-02
  -7.9581370e-02
  -8.9374634e-02
  -9.7295768e-02
  -1.0325929e-01
  -1.0723734e-01
  -1.0925585e-01
  -1.0938935e-01
  -1.0775472e-01
  -1.0450434e-01
  -9.9818823e-02
  -9.3899760e-02
  -8.6962522e-02
  -7.9229454e-02
  -7.0923548e-02
  -6.2262713e-02
  -5.3454744e-02
  -4.4693036e-02
  -3.6153069e-02
  -2.7989674e-02
  -2.0335066e-02
  -1.3297607e-02
  -6.9612500e-03
  -1.3856213e-03
   3.3933386e-03
   7.3622366e-03
   1.0528667e-02
   1.2919303e-02
   1.4577710e-02
   1.5561956e-02
   1.5942076e-02
   1.5797469e-02
   1.5214263e-02
   1.4282711e-02
   1.3094671e-02
   1.1741187e-02
   1.0310226e-02
   8.8845901e-03
   7.5400228e-03
   6.3435416e-03
   5.3519995e-03
   4.6108948e-03
   4.1534346e-03
   3.9998610e-03
   4.1570422e-03
   4.6183335e-03
   5.3637064e-03
   6.3601471e-03
   7.5623221e-03
   8.9135047e-03
   1.0346758e-02
   1.1786366e-02
   1.3149497e-02
   1.4348091e-02
   1.5290946e-02
   1.5885979e-02
   1.6042649e-02
   1.5674475e-02
   1.4701653e-02
   1.3053686e-02
   1.0672008e-02
   7.5125249e-03
   3.5480168e-03
  -1.2296583e-03
  -6.8076406e-03
  -1.3150490e-02
  -2.0199030e-02
  -2.7869684e-02
  -3.6054379e-02
  -4.4621074e-02
  -5.3414984e-02
  -6.2260526e-02
  -7.0964039e-02
  -7.9317285e-02
  -8.7101721e-02
  -9.4093532e-02
  -1.0006935e-01
  -1.0481257e-01
  -1.0812023e-01
  -1.0981012e-01
  -1.0972814e-01
  -1.0775555e-01
  -1.0381589e-01
  -9.7881227e-02
  -8.9977423e-02
  -8.0188012e-02
  -6.8656261e-02
  -5.5584945e-02
  -4.1233355e-02
  -2.5911006e-02
  -9.9676284e-03
   6.2206310e-03
   2.2267979e-02
   3.7796899e-02
   5.2454907e-02
   6.5928319e-02
   7.7952222e-02
   8.8316712e-02
   9.6869846e-02
   1.0351781e-01
   1.0822282e-01
   1.1099925e-01
   1.1190834e-01
   1.1105203e-01
   1.0856608e-01
   1.0461297e-01
   9.9374787e-02
   9.3046271e-02
   8.5828316e-02
   7.7922019e-02
   6.9523409e-02
   6.0818936e-02
   5.1981771e-02
   4.3168943e-02
   3.4519297e-02
   2.6152251e-02
   1.8167310e-02
   1.0644264e-02
   3.6439904e-03
  -2.7902094e-03
  -8.6308549e-03
  -1.3864194e-02
  -1.8487886e-02
  -2.2508543e-02
  -2.5939251e-02
  -2.8797133e-02
  -3.1101055e-02
  -3.2869557e-02
  -3.4119053e-02
  -3.4862382e-02
  -3.5107728e-02
  -3.4857971e-02
  -3.4110459e-02
  -3.2857225e-02
  -3.1085643e-02
  -2.8779492e-02
  -2.5920409e-02
  -2.2489675e-02
  -1.8470287e-02
  -1.3849246e-02
  -8.6199843e-03
  -2.7848526e-03
   3.6424349e-03
   1.0634480e-02
   1.8148111e-02
   2.6122627e-02
   3.4478462e-02
   4.3116383e-02
   5.1917282e-02
   6.0742666e-02
   6.9435893e-02
   7.7824205e-02
   8.5721585e-02
   9.2932448e-02
   9.9256144e-02
   1.0449221e-01
   1.0844632e-01
   1.1093678e-01
   1.1180142e-01
   1.1090473e-01
   1.0814499e-01
   1.0346102e-01
   9.6838462e-02
   8.8314951e-02
   7.7984046e-02
   6.5997295e-02
   5.2564059e-02
   3.7948563e-02
   2.2463655e-02
   6.4608352e-03
  -9.6834978e-03
  -2.5584795e-02
  -4.0868261e-02
  -5.5185604e-02
  -6.8228806e-02
  -7.9740102e-02
  -8.9518233e-02
  -9.7421400e-02
  -1.0336744e-01
  -1.0733173e-01
  -1.0934323e-01
  -1.0947921e-01
  -1.0785891e-01
  -1.0463657e-01
  -9.9994165e-02
  -9.4133999e-02
  -8.7271511e-02
  -7.9628414e-02
  -7.1426343e-02
  -6.2881121e-02
  -5.4197734e-02
  -4.5566074e-02
  -3.7157475e-02
  -2.9122038e-02
  -2.1586757e-02
  -1.4654375e-02
  -8.4029678e-03
  -2.8861548e-03
   1.8660946e-03
   5.8461519e-03
   9.0669829e-03
   1.1560044e-02
   1.3372895e-02
   1.4566605e-02
   1.5213023e-02
   1.5391974e-02
   1.5188448e-02
   1.4689846e-02
   1.3983311e-02
   1.3153220e-02
   1.2278850e-02
   1.1432273e-02
   1.0676491e-02
   1.0063857e-02
   9.6347798e-03
   9.4167399e-03
   9.4236291e-03
   9.6554152e-03
   1.0098139e-02
   1.0724242e-02
   1.1493226e-02
   1.2352626e-02
   1.3239305e-02
   1.4081030e-02
   1.4798332e-02
   1.5306617e-02
   1.5518491e-02
   1.5346284e-02
   1.4704710e-02
   1.3513636e-02
   1.1700901e-02
   9.2051211e-03
   5.9784391e-03
   1.9891257e-03
  -2.7760186e-03
  -8.3095466e-03
  -1.4581604e-02
  -2.1538603e-02
  -2.9102410e-02
  -3.7170109e-02
  -4.5614422e-02
  -5.4284828e-02
  -6.3009445e-02
  -7.1597686e-02
  -7.9843734e-02
  -8.7530795e-02
  -9.4436134e-02
  -1.0033682e-01
  -1.0501609e-01
  -1.0827023e-01
  -1.0991583e-01
  -1.0979716e-01
  -1.0779352e-01
  -1.0382624e-01
  -9.7865035e-02
  -8.9933384e-02
  -8.0112484e-02
  -6.8543420e-02
  -5.5427038e-02
  -4.1021039e-02
  -2.5633774e-02
  -9.6143059e-03
   6.6613223e-03
   2.2806811e-02
   3.8443489e-02
   5.3217053e-02
   6.6811326e-02
   7.8958254e-02
   8.9444176e-02
   9.8112828e-02
   1.0486560e-01
   1.0965952e-01
   1.1250350e-01
   1.1345323e-01
   1.1260505e-01
   1.1008937e-01
   1.0606370e-01
   1.0070568e-01
   9.4206425e-02
   8.6764133e-02
   7.8578397e-02
   6.9845094e-02
   6.0752059e-02
   5.1475543e-02
   4.2177476e-02
   3.3003531e-02
   2.4081938e-02
   1.5523015e-02
   7.4193265e-03
  -1.5359355e-04
  -7.1360648e-03
  -1.3482712e-02
  -1.9160652e-02
  -2.4147520e-02
  -2.8429422e-02
  -3.1998922e-02
  -3.4853135e-02
  -3.6992016e-02
  -3.8416906e-02
  -3.9129385e-02
  -3.9130492e-02
  -3.8420316e-02
  -3.6997995e-02
  -3.4862113e-02
  -3.2011476e-02
  -2.8446249e-02
  -2.4169405e-02
  -1.9188430e-02
  -1.3517225e-02
  -7.1781187e-03
  -2.0390481e-04
   7.3601797e-03
   1.5454643e-02
   2.4004192e-02
   3.2916546e-02
   4.2081716e-02
   5.1371837e-02
   6.0641632e-02
   6.9729583e-02
   7.8459864e-02
   8.6645062e-02
   9.4089708e-02
   1.0059459e-01
   1.0596184e-01
   1.1000062e-01
   1.1253349e-01
   1.1340306e-01
   1.1247894e-01
   1.0966466e-01
   1.0490430e-01
   9.8188583e-02
   8.9559953e-02
   7.9116353e-02
   6.7013226e-02
   5.3463262e-02
   3.8733409e-02
   2.3138603e-02
   7.0317981e-03
  -9.2097739e-03
  -2.5201316e-02
  -4.0568321e-02
  -5.4963253e-02
  -6.8079242e-02
  -7.9659975e-02
  -8.9505856e-02
  -9.7476855e-02
  -1.0349259e-01
  -1.0753009e-01
  -1.0961982e-01
  -1.0984021e-01
  -1.0831129e-01
  -1.0518764e-01
  -1.0065103e-01
  -9.4902955e-02
  -8.8157452e-02
  -8.0634179e-02
  -7.2552071e-02
  -6.4123636e-02
  -5.5549966e-02
  -4.7016549e-02
  -3.8689888e-02
  -3.0714942e-02
  -2.3213370e-02
  -1.6282554e-02
  -9.9953326e-03
  -4.4004081e-03
   4.7666183e-04
   4.6319483e-03
   8.0812001e-03
   1.0857534e-02
   1.3008852e-02
   1.4595057e-02
   1.5685160e-02
   1.6354330e-02
   1.6680981e-02
   1.6743933e-02
   1.6619728e-02
   1.6380134e-02
   1.6089900e-02
   1.5804780e-02
   1.5569882e-02
   1.5418347e-02
   1.5370400e-02
   1.5432768e-02
   1.5598486e-02
   1.5847092e-02
   1.6145203e-02
   1.6447472e-02
   1.6697905e-02
   1.6831514e-02
   1.6776295e-02
   1.6455475e-02
   1.5790010e-02
   1.4701279e-02
   1.3113918e-02
   1.0958751e-02
   8.1757367e-03
   4.7168736e-03
   5.4899050e-04
  -4.3436630e-03
  -9.9570992e-03
  -1.6265633e-02
  -2.3220360e-02
  -3.0748160e-02
  -3.8751283e-02
  -4.7107611e-02
  -5.5671642e-02
  -6.4276236e-02
  -7.2735189e-02
  -8.0846607e-02
  -8.8397119e-02
  -9.5166863e-02
  -1.0093522e-01
  -1.0548717e-01
  -1.0862022e-01
  -1.1015165e-01
  -1.0992598e-01
  -1.0782235e-01
  -1.0376162e-01
  -9.7712790e-02
  -8.9698436e-02
  -7.9798791e-02
  -6.8153976e-02
  -5.4963957e-02
  -4.0485719e-02
  -2.5027133e-02
  -8.9370731e-03
   7.4082613e-03
   2.3622031e-02
   3.9324620e-02
   5.4160364e-02
   6.7811321e-02
   8.0007283e-02
   9.0532098e-02
   9.9226723e-02
   1.0598955e-01
   1.1077451e-01
   1.1358737e-01
   1.1448076e-01
   1.1354824e-01
   1.1091773e-01
   1.0674477e-01
   1.0120566e-01
   9.4490933e-02
   8.6799119e-02
   7.8331152e-02
   6.9285382e-02
   5.9853329e-02
   5.0216205e-02
   4.0542220e-02
   3.0984636e-02
   2.1680563e-02
   1.2750409e-02
   4.2979310e-03
  -3.5892030e-03
  -1.0838435e-02
  -1.7391017e-02
  -2.3200487e-02
  -2.8231027e-02
  -3.2455783e-02
  -3.5855254e-02
  -3.8415809e-02
  -4.0128420e-02
  -4.0987655e-02
  -4.0990985e-02
  -4.0138423e-02
  -3.8432523e-02
  -3.5878735e-02
  -3.2486092e-02
  -2.8268211e-02
  -2.3244565e-02
  -1.7441951e-02
  -1.0896108e-02
  -3.6533898e-03
   4.2275891e-03
   1.2674432e-02
   2.1599656e-02
   3.0899711e-02
   4.0454414e-02
   5.0126890e-02
   5.9764118e-02
   6.9198130e-02
   7.8247940e-02
   8.6722236e-02
   9.4422850e-02
   1.0114899e-01
   1.0670220e-01
   1.1089200e-01
   1.1354203e-01
   1.1449664e-01
   1.1362770e-01
   1.1084136e-01
   1.0608460e-01
   9.9351142e-02
   9.0686474e-02
   8.0191514e-02
   6.8024524e-02
   5.4400798e-02
   3.9589615e-02
   2.3907935e-02
   7.7104083e-03
  -8.6243734e-03
  -2.4710580e-02
  -4.0172976e-02
  -5.4663574e-02
  -6.7875283e-02
  -7.9551751e-02
  -8.9493465e-02
  -9.7560541e-02
  -1.0367274e-01
  -1.0780719e-01
  -1.0999428e-01
  -1.1031223e-01
  -1.0888060e-01
  -1.0585324e-01
  -1.0141083e-01
  -9.5753505e-02
  -8.9093560e-02
  -8.1648579e-02
  -7.3635114e-02
  -6.5263000e-02
  -5.6730433e-02
  -4.8219838e-02
  -3.9894576e-02
  -3.1896477e-02
  -2.4344199e-02
  -1.7332364e-02
  -1.0931423e-02
  -5.1881934e-03
  -1.2698841e-04
   4.2487328e-03
   7.9542852e-03
   1.1021328e-02
   1.3495175e-02
   1.5431923e-02
   1.6895492e-02
   1.7954639e-02
   1.8680035e-02
   1.9141458e-02
   1.9405176e-02
   1.9531561e-02
   1.9572994e-02
   1.9572094e-02
   1.9560308e-02
   1.9556883e-02
   1.9568243e-02
   1.9587783e-02
   1.9596076e-02
   1.9561498e-02
   1.9441258e-02
   1.9182809e-02
   1.8725623e-02
   1.8003286e-02
   1.6945889e-02
   1.5482644e-02
   1.3544698e-02
   1.1068057e-02
   7.9965760e-03
   4.2849218e-03
  -9.8551321e-05
  -5.1691090e-03
  -1.0923204e-02
  -1.7336394e-02
  -2.4361688e-02
  -3.1928418e-02
  -3.9941699e-02
  -4.8282566e-02
  -5.6808835e-02
  -6.5356754e-02
  -7.3743470e-02
  -8.1770328e-02
  -8.9227009e-02
  -9.5896466e-02
  -1.0156061e-01
  -1.0600665e-01
  -1.0903399e-01
  -1.1046150e-01
  -1.1013494e-01
  -1.0793443e-01
  -1.0378152e-01
  -9.7645676e-02
  -8.9549744e-02
  -7.9574075e-02
  -6.7858805e-02
  -5.4603856e-02
  -4.0066156e-02
  -2.4553545e-02
  -8.4149319e-03
   7.9733504e-03
   2.4224210e-02
   3.9957636e-02
   5.4817425e-02
   6.8484943e-02
   8.0689156e-02
   9.1212961e-02
   9.9896277e-02
   1.0663640e-01
   1.1138616e-01
   1.1415025e-01
   1.1498036e-01
   1.1396924e-01
   1.1124425e-01
   1.0696065e-01
   1.0129488e-01
   9.4437965e-02
   8.6589478e-02
   7.7951913e-02
   6.8725765e-02
   5.9105313e-02
   4.9275157e-02
   3.9407515e-02
   2.9660271e-02
   2.0175715e-02
   1.1079941e-02
   2.4828103e-03
  -5.5215917e-03
  -1.2854108e-02
  -1.9449360e-02
  -2.5254395e-02
  -3.0227232e-02
  -3.4335387e-02
  -3.7554475e-02
  -3.9866953e-02
  -4.1261073e-02
  -4.1730097e-02
  -4.1271807e-02
  -3.9888342e-02
  -3.7586356e-02
  -3.4377508e-02
  -3.0279239e-02
  -2.5315821e-02
  -1.9519608e-02
  -1.2932434e-02
  -5.6070903e-03
   2.3912230e-03
   1.0983541e-02
   2.0075984e-02
   2.9558898e-02
   3.9306403e-02
   4.9176415e-02
   5.9011245e-02
   6.8638848e-02
   7.7874769e-02
   8.6524833e-02
   9.4388603e-02
   1.0126358e-01
   1.0695014e-01
   1.1125708e-01
   1.1400775e-01
   1.1504659e-01
   1.1424580e-01
   1.1151212e-01
   1.0679328e-01
   1.0008387e-01
   9.1430267e-02
   8.0934317e-02
   6.8755166e-02
   5.5108931e-02
   4.0265630e-02
   2.4542869e-02
   8.2958443e-03
  -8.0963982e-03
  -2.4247652e-02
  -3.9782360e-02
  -5.4352244e-02
  -6.7649911e-02
  -7.9418665e-02
  -8.9458566e-02
  -9.7629175e-02
  -1.0384953e-01
  -1.0809583e-01
  -1.1039731e-01
  -1.1083076e-01
  -1.0951402e-01
  -1.0659892e-01
  -1.0226385e-01
  -9.6706354e-02
  -9.0135874e-02
  -8.2766933e-02
  -7.4812848e-02
  -6.6480124e-02
  -5.7963607e-02
  -4.9442444e-02
  -4.1076898e-02
  -3.3005997e-02
  -2.5346014e-02
  -1.8189729e-02
  -1.1606426e-02
  -5.6425626e-03
  -3.2302164e-04
   4.3471245e-03
   8.3804299e-03
   1.1804562e-02
   1.4659546e-02
   1.6994867e-02
   1.8866494e-02
   2.0333933e-02
   2.1457370e-02
   2.2294979e-02
   2.2900451e-02
   2.3320819e-02
   2.3594604e-02
   2.3750334e-02
   2.3805465e-02
   2.3765732e-02
   2.3624923e-02
   2.3365112e-02
   2.2957315e-02
   2.2362580e-02
   2.1533470e-02
   2.0415926e-02
   1.8951456e-02
   1.7079605e-02
   1.4740657e-02
   1.1878504e-02
   8.4435943e-03
   4.3959187e-03
  -2.9208742e-04
  -5.6327826e-03
  -1.1620802e-02
  -1.8230872e-02
  -2.5416045e-02
  -3.3106443e-02
  -4.1208600e-02
  -4.9605467e-02
  -5.8157156e-02
  -6.6702473e-02
  -7.5061282e-02
  -8.3037710e-02
  -9.0424205e-02
  -9.7006403e-02
  -1.0256877e-01
  -1.0690090e-01
  -1.0980438e-01
  -1.1110008e-01
  -1.1063557e-01
  -1.0829260e-01
  -1.0399419e-01
  -9.7711189e-02
  -8.9467736e-02
  -7.9345454e-02
  -6.7485766e-02
  -5.4089949e-02
  -3.9416384e-02
  -2.3774505e-02
  -7.5149803e-03
   8.9839168e-03
   2.5332964e-02
   4.1149839e-02
   5.6075866e-02
   6.9789815e-02
   8.2017982e-02
   9.2540583e-02
   1.0119493e-01
   1.0787586e-01
   1.1253403e-01
   1.1517233e-01
   1.1584114e-01
   1.1463252e-01
   1.1167389e-01
   1.0712143e-01
   1.0115346e-01
   9.3963981e-02
   8.5756674e-02
   7.6739367e-02
   6.7119138e-02
   5.7098100e-02
   4.6869914e-02
   3.6617019e-02
   2.6508562e-02
   1.6699002e-02
   7.3273002e-03
  -1.4833476e-03
  -9.6253434e-03
  -1.7006160e-02
  -2.3547552e-02
  -2.9184602e-02
  -3.3864681e-02
  -3.7546418e-02
  -4.0198743e-02
  -4.1800073e-02
  -4.2337698e-02
  -4.1807391e-02
  -4.0213275e-02
  -3.7567956e-02
  -3.3892911e-02
  -2.9219100e-02
  -2.3587786e-02
  -1.7051483e-02
  -9.6749963e-03
  -1.5364532e-03
   7.2717334e-03
   1.6642078e-02
   2.6451494e-02
   3.6561117e-02
   4.6816581e-02
   5.7048809e-02
   6.7075419e-02
   7.6702781e-02
   8.5728782e-02
   9.3946317e-02
   1.0114749e-01
   1.0712852e-01
   1.1169524e-01
   1.1466914e-01
   1.1589381e-01
   1.1524151e-01
   1.1261984e-01
   1.0797805e-01
   1.0131279e-01
   9.2672956e-02
   8.2163196e-02
   6.9945678e-02
   5.6239650e-02
   4.1318284e-02
   2.5502289e-02
   9.1498522e-03
  -7.3571465e-03
  -2.3629863e-02
  -3.9290320e-02
  -5.3988042e-02
  -6.7413673e-02
  -7.9308769e-02
  -8.9471840e-02
  -9.7761081e-02
  -1.0409432e-01
  -1.0844664e-01
  -1.1084630e-01
  -1.1136913e-01
  -1.1013207e-01
  -1.0728604e-01
  -1.0300856e-01
  -9.7496226e-02
  -9.0957560e-02
  -8.3606132e-02
  -7.5654310e-02
  -6.7307671e-02
  -5.8760185e-02
  -5.0190221e-02
  -4.1757397e-02
  -3.3600291e-02
  -2.5834971e-02
  -1.8554321e-02
  -1.1828099e-02
  -5.7036618e-03
  -2.0727784e-04
   4.6540613e-03
   8.8904146e-03
   1.2526348e-02
   1.5598164e-02
   1.8150997e-02
   2.0235864e-02
   2.1906749e-02
   2.3217807e-02
   2.4220752e-02
   2.4962500e-02
   2.5483112e-02
   2.5814102e-02
   2.5977123e-02
   2.5983091e-02
   2.5831731e-02
   2.5511592e-02
   2.5000496e-02
   2.4266439e-02
   2.3268907e-02
   2.1960585e-02
   2.0289423e-02
   1.8201002e-02
   1.5641155e-02
   1.2558776e-02
   8.9087369e-03
   4.6548465e-03
  -2.2724009e-04
  -5.7472493e-03
  -1.1897744e-02
  -1.8651898e-02
  -2.5961691e-02
  -3.3756596e-02
  -4.1942869e-02
  -5.0403504e-02
  -5.8998918e-02
  -6.7568440e-02
  -7.5932625e-02
  -8.3896423e-02
  -9.1253205e-02
  -9.7789606e-02
  -1.0329114e-01
  -1.0754852e-01
  -1.1036448e-01
  -1.1156109e-01
  -1.1098720e-01
  -1.0852589e-01
  -1.0410165e-01
  -9.7686883e-02
  -8.9307447e-02
  -7.9046840e-02
  -6.7048542e-02
  -5.3516075e-02
  -3.8710272e-02
  -2.2943207e-02
  -6.5683775e-03
   1.0032954e-02
   2.6468449e-02
   4.2352588e-02
   5.7323476e-02
   7.1056715e-02
   8.3275567e-02
   9.3757441e-02
   1.0233717e-01
   1.0890758e-01
   1.1341784e-01
   1.1587006e-01
   1.1631462e-01
   1.1484450e-01
   1.1158908e-01
   1.0670757e-01
   1.0038251e-01
   9.2813402e-02
   8.4210658e-02
   7.4790118e-02
   6.4768103e-02
   5.4357133e-02
   4.3762324e-02
   3.3178461e-02
   2.2787736e-02
   1.2758104e-02
   3.2421943e-03
  -5.6232881e-03
  -1.3717754e-02
  -2.0936600e-02
  -2.7190837e-02
  -3.2406578e-02
  -3.6524440e-02
  -3.9498959e-02
  -4.1298057e-02
  -4.1902633e-02
  -4.1306295e-02
  -3.9515274e-02
  -3.6548509e-02
  -3.2437918e-02
  -2.7228807e-02
  -2.0980405e-02
  -1.3766452e-02
  -5.6757904e-03
   3.1871087e-03
   1.2701780e-02
   2.2731630e-02
   3.3124121e-02
   4.3711373e-02
   5.4311242e-02
   6.4728965e-02
   7.4759417e-02
   8.4190034e-02
   9.2804411e-02
   1.0038658e-01
   1.0672596e-01
   1.1162284e-01
   1.1489441e-01
   1.1638114e-01
   1.1595331e-01
   1.1351751e-01
   1.0902295e-01
   1.0246701e-01
   9.3900035e-02
   8.3428667e-02
   7.1217544e-02
   5.7488727e-02
   4.2518445e-02
   2.6630619e-02
   1.0186719e-02
  -6.4280975e-03
  -2.2821766e-02
  -3.8613198e-02
  -5.3448948e-02
  -6.7016856e-02
  -7.9055855e-02
  -8.9362020e-02
  -9.7791293e-02
  -1.0425942e-01
  -1.0873958e-01
  -1.1125824e-01
  -1.1188960e-01
  -1.1074909e-01
  -1.0798621e-01
  -1.0377713e-01
  -9.8317237e-02
  -9.1813896e-02
  -8.4479633e-02
  -7.6525882e-02
  -6.8157428e-02
  -5.9567607e-02
  -5.0934360e-02
  -4.2417116e-02
  -3.4154550e-02
  -2.6263164e-02
  -1.8836658e-02
  -1.1946041e-02
  -5.6403975e-03
   5.1757021e-05
   5.1206327e-03
   9.5729163e-03
   1.3429217e-02
   1.6721303e-02
   1.9489216e-02
   2.1778365e-02
   2.3636670e-02
   2.5111851e-02
   2.6248922e-02
   2.7087956e-02
   2.7662186e-02
   2.7996474e-02
   2.8106191e-02
   2.7996538e-02
   2.7662318e-02
   2.7088163e-02
   2.6249213e-02
   2.5112239e-02
   2.3637169e-02
   2.1778991e-02
   1.9489985e-02
   1.6722230e-02
   1.3430316e-02
   9.5741974e-03
   5.1221039e-03
   5.3420747e-05
  -5.6385443e-03
  -1.1944008e-02
  -1.8834462e-02
  -2.6260831e-02
  -3.4152113e-02
  -4.2414617e-02
  -5.0931851e-02
  -5.9565148e-02
  -6.8155085e-02
  -7.6523731e-02
  -8.4477753e-02
  -9.1812373e-02
  -9.8316157e-02
  -1.0377658e-01
  -1.0798628e-01
  -1.1074985e-01
  -1.1189114e-01
  -1.1126061e-01
  -1.0874283e-01
  -1.0426359e-01
  -9.7796391e-02
  -8.9368034e-02
  -7.9062748e-02
  -6.7024563e-02
  -5.3457376e-02
  -3.8622220e-02
  -2.2831225e-02
  -6.4378024e-03
   1.0176989e-02
   2.6621115e-02
   4.2509443e-02
   5.7480527e-02
   7.1210464e-02
   8.3423034e-02
   9.3896182e-02
   1.0246527e-01
   1.0902363e-01
   1.1352091e-01
   1.1595967e-01
   1.1639070e-01
   1.1490731e-01
   1.1163917e-01
   1.0674574e-01
   1.0040973e-01
   9.2830742e-02
   8.4219273e-02
   7.4791168e-02
   6.4762718e-02
   5.4346368e-02
   4.3747128e-02
   3.3159649e-02
   2.2765971e-02
   1.2733885e-02
   3.2158502e-03
  -5.6515928e-03
  -1.3748010e-02
  -2.0968937e-02
  -2.7225500e-02
  -3.2443899e-02
  -3.6564804e-02
  -3.9542771e-02
  -4.1345701e-02
  -4.1954431e-02
  -4.1362471e-02
  -3.9575908e-02
  -3.6613506e-02
  -3.2506972e-02
  -2.7301372e-02
  -2.1055672e-02
  -1.3843334e-02
  -5.7529147e-03
   3.1114003e-03
   1.2629419e-02
   2.2664800e-02
   3.3065225e-02
   4.3662990e-02
   5.4276072e-02
   6.4709766e-02
   7.4758927e-02
   8.4210887e-02
   9.2849048e-02
   1.0045715e-01
   1.0682421e-01
   1.1175002e-01
   1.1505118e-01
   1.1656743e-01
   1.1616827e-01
   1.1375942e-01
   1.0928911e-01
   1.0275375e-01
   9.4202627e-02
   8.3741346e-02
   7.1533518e-02
   5.7800224e-02
   4.2816798e-02
   2.6906376e-02
   1.0429793e-02
  -6.2282384e-03
  -2.2675880e-02
  -3.8532013e-02
  -5.3442872e-02
  -6.7095664e-02
  -7.9228346e-02
  -8.9635662e-02
  -9.8171852e-02
  -1.0475059e-01
  -1.0934263e-01
  -1.1197165e-01
  -1.1270877e-01
  -1.1166603e-01
  -1.0898936e-01
  -1.0485117e-01
  -9.9443041e-02
  -9.2968514e-02
  -8.5636428e-02
  -7.7654753e-02
  -6.9225154e-02
  -6.0538328e-02
  -5.1770172e-02
  -4.3078815e-02
  -3.4602490e-02
  -2.6458243e-02
  -1.8741418e-02
  -1.1525862e-02
  -4.8647724e-03
   1.2078904e-03
   6.6755323e-03
   1.1536678e-02
   1.5802456e-02
   1.9493912e-02
   2.2639241e-02
   2.5271044e-02
   2.7423682e-02
   2.9130817e-02
   3.0423197e-02
   3.1326771e-02
   3.1861159e-02
   3.2038534e-02
   3.1862942e-02
   3.1330073e-02
   3.0427501e-02
   2.9135365e-02
   2.7427504e-02
   2.5272983e-02
   2.2637996e-02
   1.9488082e-02
   1.5790588e-02
   1.1517321e-02
   6.6472982e-03
   1.1695119e-03
  -4.9143793e-03
  -1.1587536e-02
  -1.8815696e-02
  -2.6545299e-02
  -3.4702088e-02
  -4.3190262e-02
  -5.1892283e-02
  -6.0669398e-02
  -6.9362948e-02
  -7.7796499e-02
  -8.5778833e-02
  -9.3107794e-02
  -9.9574966e-02
  -1.0497113e-01
  -1.0909244e-01
  -1.1174712e-01
  -1.1276267e-01
  -1.1199321e-01
  -1.0932690e-01
  -1.0469298e-01
  -9.8068300e-02
  -8.9482807e-02
  -7.9023719e-02
  -6.6837865e-02
  -5.3131744e-02
  -3.8168805e-02
  -2.2263397e-02
  -5.7709590e-03
   1.0925616e-02
   2.7432656e-02
   4.3363597e-02
   5.8355778e-02
   7.2084312e-02
   8.4272252e-02
   9.4697096e-02
   1.0319407e-01
   1.0965672e-01
   1.1403528e-01
   1.1633334e-01
   1.1660313e-01
   1.1493995e-01
   1.1147595e-01
   1.0637361e-01
   9.9819253e-02
   9.2016626e-02
   8.3180928e-02
   7.3533247e-02
   6.3295589e-02
   5.2686542e-02
   4.1917592e-02
   3.1190104e-02
   2.0692941e-02
   1.0600681e-02
   1.0723741e-03
  -7.7492314e-03
  -1.5738071e-02
  -2.2784834e-02
  -2.8796804e-02
  -3.3697552e-02
  -3.7426557e-02
  -3.9938812e-02
  -4.1204483e-02
  -4.1208658e-02
  -3.9951210e-02
  -3.7446800e-02
  -3.3725017e-02
  -2.8830630e-02
  -2.2823938e-02
  -1.5781164e-02
  -7.7948407e-03
   1.0258794e-03
   1.0555061e-02
   2.0650053e-02
   3.1151863e-02
   4.1885932e-02
   5.2663368e-02
   6.3282733e-02
   7.3532416e-02
   8.3193654e-02
   9.2044209e-02
   9.9862713e-02
   1.0643364e-01
   1.1155283e-01
   1.1503356e-01
   1.1671285e-01
   1.1645805e-01
   1.1417333e-01
   1.0980589e-01
   1.0335160e-01
   9.4859650e-02
   8.4435967e-02
   7.2244826e-02
   5.8508287e-02
   4.3502922e-02
   2.7553334e-02
   1.1022007e-02
  -5.7045480e-03
  -2.2232572e-02
  -3.8178926e-02
  -5.3187757e-02
  -6.6944122e-02
  -7.9183791e-02
  -8.9699291e-02
  -9.8342635e-02
  -1.0502526e-01
  -1.0971570e-01
  -1.1243544e-01
  -1.1325344e-01
  -1.1227964e-01
  -1.0965796e-01
  -1.0555894e-01
  -1.0017238e-01
  -9.3700280e-02
  -8.6350133e-02
  -7.8328844e-02
  -6.9837333e-02
  -6.1065919e-02
  -5.2190544e-02
  -4.3369853e-02
  -3.4743114e-02
  -2.6428970e-02
  -1.8524961e-02
  -1.1107753e-02
  -4.2340119e-03
   2.0581945e-03
   7.7475276e-03
   1.2827165e-02
   1.7302333e-02
   2.1187689e-02
   2.4504648e-02
   2.7278749e-02
   2.9537147e-02
   3.1306306e-02
   3.2609973e-02
   3.3467473e-02
   3.3892401e-02
   3.3891722e-02
   3.3465317e-02
   3.2605993e-02
   3.1299938e-02
   2.9527632e-02
   2.7265165e-02
   2.4485945e-02
   2.1162738e-02
   1.7269974e-02
   1.2786264e-02
   7.6970365e-03
   1.9972112e-03
  -4.3061802e-03
  -1.1191529e-02
  -1.8620437e-02
  -2.6535857e-02
  -3.4860690e-02
  -4.3496926e-02
  -5.2325422e-02
  -6.1206389e-02
  -6.9980663e-02
  -7.8471787e-02
  -8.6488955e-02
  -9.3830809e-02
  -1.0029006e-01
  -1.0565892e-01
  -1.0973519e-01
  -1.1232897e-01
  -1.1326979e-01
  -1.1241392e-01
  -1.0965178e-01
  -1.0491494e-01
  -9.8182626e-02
  -8.9487205e-02
  -7.8918314e-02
  -6.6625192e-02
  -5.2816732e-02
  -3.7758727e-02
  -2.1767810e-02
  -5.2016218e-03
   1.1554856e-02
   2.8106000e-02
   4.4063463e-02
   5.9063005e-02
   7.2778408e-02
   8.4931677e-02
   9.5299595e-02
   1.0371705e-01
   1.1007767e-01
   1.1433225e-01
   1.1648544e-01
   1.1659110e-01
   1.1474674e-01
   1.1108730e-01
   1.0577872e-01
   9.9011346e-02
   9.0993610e-02
   8.1945942e-02
   7.2095193e-02
   6.1669592e-02
   5.0894320e-02
   3.9987714e-02
   2.9158114e-02
   1.8601340e-02
   8.4987254e-03
  -9.8430470e-04
  -9.6992150e-03
  -1.7514952e-02
  -2.4318235e-02
  -3.0013617e-02
  -3.4523397e-02
  -3.7787441e-02
  -3.9762985e-02
  -4.0424448e-02
  -3.9763317e-02
  -3.7788096e-02
  -3.4524357e-02
  -3.0014857e-02
  -2.4319720e-02
  -1.7516640e-02
  -9.7010574e-03
  -9.8624543e-04
   8.4967477e-03
   1.8599391e-02
   2.9156264e-02
   3.9986034e-02
   5.0892884e-02
   6.1668471e-02
   7.2094457e-02
   8.1945658e-02
   9.0993837e-02
   9.9012137e-02
   1.0578011e-01
   1.1108934e-01
   1.1474943e-01
   1.1659445e-01
   1.1648942e-01
   1.1433683e-01
   1.1008280e-01
   1.0372266e-01
   9.5305587e-02
   8.4937931e-02
   7.2784785e-02
   5.9069347e-02
   4.4069593e-02
   2.8111726e-02
   1.1559973e-02
  -5.1973282e-03
  -2.1764559e-02
  -3.7756736e-02
  -5.2816214e-02
  -6.6626347e-02
  -7.8921323e-02
  -8.9492225e-02
  -9.8189778e-02
  -1.0492430e-01
  -1.0966339e-01
  -1.1242776e-01
  -1.1328577e-01
  -1.1234695e-01
  -1.0975494e-01
  -1.0568015e-01
  -1.0031240e-01
  -9.3853815e-02
  -8.6512106e-02
  -7.8494492e-02
  -7.0002270e-02
  -6.1226191e-02
  -5.2342670e-02
  -4.3510842e-02
  -3.4870485e-02
  -2.6540749e-02
  -1.8619674e-02
  -1.1184411e-02
  -4.2920848e-03
   2.0188029e-03
   7.7265130e-03
   1.2823857e-02
   1.7315731e-02
   2.1216500e-02
   2.4547322e-02
   2.7333519e-02
   2.9602061e-02
   3.1379265e-02
   3.2688763e-02
   3.3549801e-02
   3.3975924e-02
   3.3974081e-02
   3.3544169e-02
   3.2679041e-02
   3.1364967e-02
   2.9582537e-02
   2.7307990e-02
   2.4514917e-02
   2.1176301e-02
   1.7266828e-02
   1.2765401e-02
   7.6577782e-03
   1.9392458e-03
  -4.3827638e-03
  -1.1286209e-02
  -1.8732229e-02
  -2.6663295e-02
  -3.5001805e-02
  -4.3649240e-02
  -5.2485947e-02
  -6.1371645e-02
  -7.0146694e-02
  -7.8634205e-02
  -8.6642993e-02
  -9.3971384e-02
  -1.0041187e-01
  -1.0575652e-01
  -1.0980314e-01
  -1.1236194e-01
  -1.1326272e-01
  -1.1236219e-01
  -1.0955134e-01
  -1.0476253e-01
  -9.7975901e-02
  -8.9224954e-02
  -7.8600608e-02
  -6.6253550e-02
  -5.2394256e-02
  -3.7290225e-02
  -2.1259885e-02
  -4.6627250e-03
   1.2114408e-02
   2.8674059e-02
   4.4626132e-02
   5.9604779e-02
   7.3282372e-02
   8.5379769e-02
   9.5672928e-02
   1.0399630e-01
   1.1024354e-01
   1.1436595e-01
   1.1636926e-01
   1.1630902e-01
   1.1428504e-01
   1.1043525e-01
   1.0492919e-01
   9.7961532e-02
   8.9745601e-02
   8.0507326e-02
   7.0479566e-02
   5.9896981e-02
   4.8991492e-02
   3.7988355e-02
   2.7102857e-02
   1.6537608e-02
   6.4803975e-03
  -2.8974469e-03
  -1.1442250e-02
  -1.9018809e-02
  -2.5510906e-02
  -3.0821596e-02
  -3.4873326e-02
  -3.7607948e-02
  -3.8986693e-02
  -3.8990116e-02
  -3.7618077e-02
  -3.4889740e-02
  -3.0843603e-02
  -2.5537557e-02
  -1.9048918e-02
  -1.1474420e-02
  -2.9300998e-03
   6.4489854e-03
   1.6509265e-02
   2.7079471e-02
   3.7971826e-02
   4.8983677e-02
   5.9899641e-02
   7.0494310e-02
   8.0535550e-02
   8.9788432e-02
   9.8019772e-02
   1.0500326e-01
   1.1052514e-01
   1.1439028e-01
   1.1642860e-01
   1.1650165e-01
   1.1450904e-01
   1.1039467e-01
   1.0415226e-01
   9.5829935e-02
   8.5533560e-02
   7.3428230e-02
   5.9737612e-02
   4.4740560e-02
   2.8764524e-02
   1.2175300e-02
  -4.6369295e-03
  -2.1274462e-02
  -3.7350035e-02
  -5.2503564e-02
  -6.6415841e-02
  -7.8818396e-02
  -8.9499591e-02
  -9.8307403e-02
  -1.0514940e-01
  -1.0999044e-01
  -1.1284857e-01
  -1.1378956e-01
  -1.1292049e-01
  -1.1038269e-01
  -1.0634444e-01
  -1.0099369e-01
  -9.4530973e-02
  -8.7162724e-02
  -7.9095259e-02
  -7.0529394e-02
  -6.1655866e-02
  -5.2651588e-02
  -4.3676749e-02
  -3.4872774e-02
  -2.6361080e-02
  -1.8242621e-02
  -1.0598115e-02
  -3.4889021e-03
   3.0416640e-03
   8.9663968e-03
   1.4272116e-02
   1.8957255e-02
   2.3029341e-02
   2.6502435e-02
   2.9394636e-02
   3.1725729e-02
   3.3515055e-02
   3.4779676e-02
   3.5532882e-02
   3.5783093e-02
   3.5533190e-02
   3.4780287e-02
   3.3515959e-02
   3.1726911e-02
   2.9396076e-02
   2.6504109e-02
   2.3031219e-02
   1.8959302e-02
   1.4274292e-02
   8.9686585e-03
   3.0439617e-03
  -3.4866217e-03
  -1.0595908e-02
  -1.8240549e-02
  -2.6359205e-02
  -3.4871159e-02
  -4.3675459e-02
  -5.2650686e-02
  -6.1655413e-02
  -7.0529447e-02
  -7.9095869e-02
  -8.7163934e-02
  -9.4532820e-02
  -1.0099620e-01
  -1.0634761e-01
  -1.1038652e-01
  -1.1292497e-01
  -1.1379464e-01
  -1.1285418e-01
  -1.0999651e-01
  -1.0515583e-01
  -9.8314066e-02
  -8.9506341e-02
  -7.8825068e-02
  -6.6422254e-02
  -5.2509518e-02
  -3.7355317e-02
  -2.1278852e-02
  -4.6402024e-03
   1.2173369e-02
   2.8764154e-02
   4.4741955e-02
   5.9740957e-02
   7.3433684e-02
   8.5541245e-02
   9.5839931e-02
   1.0416460e-01
   1.1040933e-01
   1.1452592e-01
   1.1652059e-01
   1.1644937e-01
   1.1441257e-01
   1.1054856e-01
   1.0502734e-01
   9.8043961e-02
   8.9812114e-02
   8.0558040e-02
   7.0514868e-02
   5.9917484e-02
   4.8997991e-02
   3.7981788e-02
   2.7084268e-02
   1.6508113e-02
   6.4411583e-03
  -2.9452463e-03
  -1.1497421e-02
  -1.9080169e-02
  -2.5577291e-02
  -3.0891859e-02
  -3.4946339e-02
  -3.7682600e-02
  -3.9061880e-02
  -3.9064740e-02
  -3.7691036e-02
  -3.4959919e-02
  -3.0909874e-02
  -2.5598771e-02
  -1.9103906e-02
  -1.1522000e-02
  -2.9690794e-03
   6.4197923e-03
   1.6491022e-02
   2.7073294e-02
   3.7978759e-02
   4.9004656e-02
   5.9935459e-02
   7.0545575e-02
   8.0602642e-02
   8.9871461e-02
   9.8118530e-02
   1.0511718e-01
   1.1065325e-01
   1.1453118e-01
   1.1658043e-01
   1.1666205e-01
   1.1467518e-01
   1.1056321e-01
   1.0431937e-01
   9.5991369e-02
   8.5684662e-02
   7.3564013e-02
   5.9852840e-02
   4.4829850e-02
   2.8822463e-02
   1.2196581e-02
  -4.6573538e-03
  -2.1341217e-02
  -3.7467150e-02
  -5.2674288e-02
  -6.6642457e-02
  -7.9102036e-02
  -8.9840060e-02
  -9.8703010e-02
  -1.0559681e-01
  -1.1048454e-01
  -1.1338240e-01
  -1.1435423e-01
  -1.1350517e-01
  -1.1097464e-01
  -1.0692912e-01
  -1.0155490e-01
  -9.5051031e-02
  -8.7622793e-02
  -7.9475658e-02
  -7.0810014e-02
  -6.1816642e-02
  -5.2673031e-02
  -4.3540534e-02
  -3.4562366e-02
  -2.5862403e-02
  -1.7544742e-02
  -9.6939354e-03
  -2.3758431e-03
   4.3610140e-03
   1.0483679e-02
   1.5972672e-02
   2.0819696e-02
   2.5025228e-02
   2.8596108e-02
   3.1543201e-02
   3.3879228e-02
   3.5616845e-02
   3.6767013e-02
   3.7337742e-02
   3.7333225e-02
   3.6753405e-02
   3.5593976e-02
   3.3846832e-02
   3.1500935e-02
   2.8543590e-02
   2.4962071e-02
   2.0745555e-02
   1.5887296e-02
   1.0386962e-02
   4.2530538e-03
  -2.4946922e-03
  -9.8230078e-03
  -1.7683012e-02
  -2.6008444e-02
  -3.4714313e-02
  -4.3696064e-02
  -5.2829350e-02
  -6.1970488e-02
  -7.0957677e-02
  -7.9613017e-02
  -8.7745370e-02
  -9.5154066e-02
  -1.0163344e-01
  -1.0697814e-01
  -1.1098915e-01
  -1.1348038e-01
  -1.1428572e-01
  -1.1326626e-01
  -1.1031757e-01
  -1.0537668e-01
  -9.8428486e-02
  -8.9511147e-02
  -7.8720155e-02
  -6.6210602e-02
  -5.2197149e-02
  -3.6951214e-02
  -2.0794835e-02
  -4.0907584e-03
   1.2771294e-02
   2.9391417e-02
   4.5377521e-02
   6.0362252e-02
   7.4016997e-02
   8.6062185e-02
   9.6273921e-02
   1.0448742e-01
   1.1059771e-01
   1.1455815e-01
   1.1637717e-01
   1.1611368e-01
   1.1387154e-01
   1.0979334e-01
   1.0405394e-01
   9.6853882e-02
   8.8412879e-02
   7.8963687e-02
   6.8746328e-02
   5.8002851e-02
   4.6972650e-02
   3.5888387e-02
   2.4972512e-02
   1.4434369e-02
   4.4678450e-03
  -4.7504784e-03
  -1.3062740e-02
  -2.0330835e-02
  -2.6437149e-02
  -3.1285045e-02
  -3.4799175e-02
  -3.6925656e-02
  -3.7632169e-02
  -3.6908004e-02
  -3.4764073e-02
  -3.1232902e-02
  -2.6368586e-02
  -2.0246698e-02
  -1.2964108e-02
  -4.6386811e-03
   4.5912174e-03
   1.4567451e-02
   2.5113155e-02
   3.6034152e-02
   4.7120808e-02
   5.8150391e-02
   6.8889971e-02
   7.9099911e-02
   8.8537956e-02
   9.6963925e-02
   1.0414497e-01
   1.0986133e-01
   1.1391255e-01
   1.1612392e-01
   1.1635310e-01
   1.1449662e-01
   1.1049609e-01
   1.0434370e-01
   9.6086865e-02
   8.5831461e-02
   7.3743300e-02
   6.0047415e-02
   4.5024627e-02
   2.9004876e-02
   1.2356906e-02
  -4.5257713e-03
  -2.1241826e-02
  -3.7400154e-02
  -5.2636701e-02
  -6.6628245e-02
  -7.9102357e-02
  -8.9843579e-02
  -9.8696295e-02
  -1.0556480e-01
  -1.1041108e-01
  -1.1325083e-01
  -1.1414799e-01
  -1.1320847e-01
  -1.1057316e-01
  -1.0641066e-01
  -1.0091004e-01
  -9.4273823e-02
  -8.6711305e-02
  -7.8432540e-02
  -6.9642949e-02
  -6.0538707e-02
  -5.1302946e-02
  -4.2102780e-02
  -3.3087157e-02
  -2.4385502e-02
  -1.6107099e-02
  -8.3411537e-03
  -1.1574565e-03
   5.3924511e-03
   1.1273686e-02
   1.6466113e-02
   2.0962218e-02
   2.4764848e-02
   2.7884915e-02
   3.0339163e-02
   3.2148054e-02
   3.3333853e-02
   3.3918982e-02
   3.3924669e-02
   3.3369943e-02
   3.2271002e-02
   3.0640945e-02
   2.8489890e-02
   2.5825450e-02
   2.2653547e-02
   1.8979522e-02
   1.4809500e-02
   1.0151943e-02
   5.0193414e-03
  -5.7004797e-04
  -6.5904809e-03
  -1.3007109e-02
  -1.9774551e-02
  -2.6835732e-02
  -3.4121070e-02
  -4.1548098e-02
  -4.9021565e-02
  -5.6434095e-02
  -6.3667443e-02
  -7.0594368e-02
  -7.7081148e-02
  -8.2990709e-02
  -8.8186351e-02
  -9.2536002e-02
  -9.5916899e-02
  -9.8220604e-02
  -9.9358167e-02
  -9.9265271e-02
  -9.7907132e-02
  -9.5282880e-02
  -9.1429139e-02
  -8.6422468e-02
  -8.0380280e-02
  -7.3459851e-02
  -6.5854967e-02
  -5.7789748e-02
  -4.9509265e-02
  -4.1266946e-02
  -3.3309589e-02
  -2.5861849e-02
  -1.9112504e-02
  -1.3204327e-02
  -8.2283234e-03
  -4.2222212e-03
  -1.1726859e-03
   9.7936856e-04
