   4.3026707e-06
   3.8209936e-06
   3.1778967e-06
   2.3696660e-06
   1.3964397e-06
   2.6269505e-07
  -1.0223163e-06
  -2.4442026e-06
  -3.9831543e-06
  -5.6137732e-06
  -7.3050251e-06
  -9.0203359e-06
  -1.0717843e-05
  -1.2350820e-05
  -1.3868278e-05
  -1.5215761e-05
  -1.6336330e-05
  -1.7171737e-05
  -1.7663785e-05
  -1.7755859e-05
  -1.7394607e-05
  -1.6531759e-05
  -1.5126034e-05
  -1.3145111e-05
  -1.0567618e-05
  -7.3850890e-06
  -3.6038226e-06
   7.5339657e-07
   5.6457979e-06
   1.1013401e-05
   1.6776142e-05
   2.2833409e-05
   2.9064064e-05
   3.5327002e-05
   4.1462299e-05
   4.7293010e-05
   5.2627630e-05
   5.7263260e-05
   6.0989467e-05
   6.3592839e-05
   6.4862189e-05
   6.4594378e-05
   6.2600654e-05
   5.8713429e-05
   5.2793364e-05
   4.4736616e-05
   3.4482077e-05
   2.2018420e-05
   7.3907278e-06
  -9.2934967e-06
  -2.7859202e-05
  -4.8059769e-05
  -6.9574356e-05
  -9.2006855e-05
  -1.1488668e-04
  -1.3767159e-04
  -1.5975281e-04
  -1.8046246e-04
  -1.9908355e-04
  -2.1486248e-04
  -2.2702416e-04
  -2.3478952e-04
  -2.3739546e-04
  -2.3411686e-04
  -2.2429039e-04
  -2.0733977e-04
  -1.8280197e-04
  -1.5035375e-04
  -1.0983793e-04
  -6.1288638e-05
  -4.9548453e-06
   5.8678847e-05
   1.2887486e-04
   2.0462976e-04
   2.8466662e-04
   3.6743373e-04
   4.5111012e-04
   5.3361910e-04
   6.1264996e-04
   6.8568878e-04
   7.5005839e-04
   8.0296768e-04
   8.4157023e-04
   8.6303190e-04
   8.6460657e-04
   8.4371940e-04
   7.9805614e-04
   7.2565698e-04
   6.2501315e-04
   4.9516400e-04
   3.3579213e-04
   1.4731382e-04
  -6.9038226e-05
  -3.1114287e-04
  -5.7593266e-04
  -8.5935319e-04
  -1.1563432e-03
  -1.4608383e-03
  -1.7658014e-03
  -2.0632822e-03
  -2.3445087e-03
  -2.6000107e-03
  -2.8197779e-03
  -2.9934519e-03
  -3.1105517e-03
  -3.1607305e-03
  -3.1340616e-03
  -3.0213498e-03
  -2.8144623e-03
  -2.5066743e-03
  -2.0930206e-03
  -1.5706459e-03
  -9.3914429e-04
  -2.0087664e-04
   6.3874389e-04
   1.5710107e-03
   2.5837388e-03
   3.6611473e-03
   4.7838222e-03
   5.9287698e-03
   7.0695706e-03
   8.1766430e-03
   9.2176239e-03
   1.0157869e-02
   1.0961078e-02
   1.1590039e-02
   1.2007495e-02
   1.2177112e-02
   1.2064555e-02
   1.1638631e-02
   1.0872501e-02
   9.7449263e-03
   8.2415059e-03
   6.3558996e-03
   4.0909711e-03
   1.4598249e-03
  -1.5133127e-03
  -4.7924151e-03
  -8.3292269e-03
  -1.2063135e-02
  -1.5921388e-02
  -1.9819706e-02
  -2.3663332e-02
  -2.7348551e-02
  -3.0764727e-02
  -3.3796859e-02
  -3.6328697e-02
  -3.8246406e-02
  -3.9442779e-02
  -3.9821979e-02
  -3.9304790e-02
  -3.7834303e-02
  -3.5382012e-02
  -3.1954219e-02
  -2.7598667e-02
  -2.2411304e-02
  -1.6543050e-02
  -1.0206447e-02
  -3.6820544e-03
   2.6755644e-03
   8.4324064e-03
   1.3070307e-02
   1.5983089e-02
   1.6473733e-02
   1.3752735e-02
   6.9377888e-03
  -4.9450556e-03
  -2.2958618e-02
  -4.8250064e-02
  -8.2044495e-02
  -1.2563651e-01
  -1.8037961e-01
  -2.4767320e-01
  -3.2894711e-01
  -4.2564325e-01
  -5.3919412e-01
  -6.7099780e-01
  -8.2238886e-01
  -9.9460512e-01
  -1.1887506e+00
  -1.4057561e+00
  -1.6463384e+00
  -1.9109599e+00
  -2.1997889e+00
  -2.5126607e+00
  -2.8490418e+00
  -3.2079990e+00
  -3.5881755e+00
  -3.9877758e+00
  -4.4045612e+00
  -4.8358566e+00
  -5.2785684e+00
  -5.7292159e+00
  -6.1839732e+00
  -6.6387213e+00
  -7.0891099e+00
  -7.5306236e+00
  -7.9586536e+00
  -8.3685708e+00
  -8.7557974e+00
  -9.1158773e+00
  -9.4445431e+00
  -9.7377783e+00
  -9.9918736e+00
  -1.0203476e+01
  -1.0369629e+01
  -1.0487805e+01
  -1.0555933e+01
  -1.0572418e+01
  -1.0536158e+01
  -1.0446550e+01
  -1.0303497e+01
  -1.0107402e+01
  -9.8591660e+00
  -9.5601756e+00
  -9.2122938e+00
  -8.8178439e+00
  -8.3795897e+00
  -7.9007108e+00
  -7.3847720e+00
  -6.8356881e+00
  -6.2576848e+00
  -5.6552549e+00
  -5.0331130e+00
  -4.3961459e+00
  -3.7493605e+00
  -3.0978282e+00
  -2.4466283e+00
  -1.8007893e+00
  -1.1652318e+00
  -5.4471008e-01
   5.6243777e-02
   6.3337649e-01
   1.1827684e+00
   1.7008875e+00
   2.1846406e+00
   2.6314207e+00
   3.0391469e+00
   3.4062952e+00
   3.7319193e+00
   4.0156593e+00
   4.2577373e+00
   4.4589373e+00
   4.6205715e+00
   4.7444317e+00
   4.8327295e+00
   4.8880290e+00
   4.9131741e+00
   4.9112146e+00
   4.8853333e+00
   4.8387760e+00
   4.7747848e+00
   4.6965372e+00
   4.6070917e+00
   4.5093412e+00
   4.4059751e+00
   4.2994491e+00
   4.1919646e+00
   4.0854563e+00
   3.9815904e+00
   3.8817717e+00
   3.7871589e+00
   3.6986880e+00
   3.6171001e+00
   3.5429726e+00
   3.4767508e+00
   3.4187764e+00
   3.3693121e+00
   3.3285600e+00
   3.2966729e+00
   3.2737592e+00
   3.2598808e+00
   3.2550456e+00
   3.2591951e+00
   3.2721890e+00
   3.2937876e+00
   3.3236337e+00
   3.3612364e+00
   3.4059571e+00
   3.4569989e+00
   3.5134018e+00
   3.5740425e+00
   3.6376431e+00
   3.7027866e+00
   3.7679398e+00
   3.8314825e+00
   3.8917427e+00
   3.9470362e+00
   3.9957103e+00
   4.0361901e+00
   4.0670245e+00
   4.0869310e+00
   4.0948370e+00
   4.0899170e+00
   4.0716247e+00
   4.0397198e+00
   3.9942897e+00
   3.9357671e+00
   3.8649430e+00
   3.7829764e+00
   3.6913996e+00
   3.5921176e+00
   3.4874025e+00
   3.3798806e+00
   3.2725124e+00
   3.1685671e+00
   3.0715885e+00
   2.9853555e+00
   2.9138351e+00
   2.8611305e+00
   2.8314228e+00
   2.8289064e+00
   2.8577194e+00
   2.9218692e+00
   3.0251563e+00
   3.1710975e+00
   3.3628519e+00
   3.6031513e+00
   3.8942356e+00
   4.2377948e+00
   4.6349183e+00
   5.0860534e+00
   5.5909756e+00
   6.1487716e+00
   6.7578394e+00
   7.4159053e+00
   8.1200577e+00
   8.8667978e+00
   9.6521045e+00
   1.0471509e+01
   1.1320179e+01
   1.2193002e+01
   1.3084675e+01
   1.3989778e+01
   1.4902851e+01
   1.5818447e+01
   1.6731176e+01
   1.7635733e+01
   1.8526909e+01
   1.9399582e+01
   2.0248702e+01
   2.1069258e+01
   2.1856248e+01
   2.2604631e+01
   2.3309305e+01
   2.3965063e+01
   2.4566581e+01
   2.5108397e+01
   2.5584921e+01
   2.5990440e+01
   2.6319153e+01
   2.6565211e+01
   2.6722770e+01
   2.6786057e+01
   2.6749449e+01
   2.6607566e+01
   2.6355378e+01
   2.5988322e+01
   2.5502433e+01
   2.4894471e+01
   2.4162052e+01
   2.3303774e+01
   2.2319330e+01
   2.1209612e+01
   1.9976792e+01
   1.8624385e+01
   1.7157286e+01
   1.5581773e+01
   1.3905486e+01
   1.2137371e+01
   1.0287599e+01
   8.3674563e+00
   6.3892107e+00
   4.3659605e+00
   2.3114618e+00
   2.3994336e-01
  -1.8340889e+00
  -3.8960546e+00
  -5.9315036e+00
  -7.9263182e+00
  -9.8669077e+00
  -1.1740392e+01
  -1.3534774e+01
  -1.5239090e+01
  -1.6843545e+01
  -1.8339626e+01
  -1.9720184e+01
  -2.0979497e+01
  -2.2113305e+01
  -2.3118815e+01
  -2.3994693e+01
  -2.4741022e+01
  -2.5359253e+01
  -2.5852130e+01
  -2.6223603e+01
  -2.6478729e+01
  -2.6623563e+01
  -2.6665045e+01
  -2.6610880e+01
  -2.6469415e+01
  -2.6249515e+01
  -2.5960440e+01
  -2.5611719e+01
  -2.5213025e+01
  -2.4774055e+01
  -2.4304415e+01
  -2.3813506e+01
  -2.3310429e+01
  -2.2803888e+01
  -2.2302117e+01
  -2.1812806e+01
  -2.1343047e+01
  -2.0899285e+01
  -2.0487284e+01
  -2.0112109e+01
  -1.9778114e+01
  -1.9488941e+01
  -1.9247536e+01
  -1.9056159e+01
  -1.8916417e+01
  -1.8829286e+01
  -1.8795147e+01
  -1.8813824e+01
  -1.8884612e+01
  -1.9006306e+01
  -1.9177227e+01
  -1.9395236e+01
  -1.9657743e+01
  -1.9961708e+01
  -2.0303638e+01
  -2.0679580e+01
  -2.1085104e+01
  -2.1515289e+01
  -2.1964710e+01
  -2.2427420e+01
  -2.2896946e+01
  -2.3366289e+01
  -2.3827941e+01
  -2.4273917e+01
  -2.4695794e+01
  -2.5084782e+01
  -2.5431798e+01
  -2.5727563e+01
  -2.5962708e+01
  -2.6127900e+01
  -2.6213972e+01
  -2.6212068e+01
  -2.6113796e+01
  -2.5911376e+01
  -2.5597796e+01
  -2.5166957e+01
  -2.4613813e+01
  -2.3934504e+01
  -2.3126460e+01
  -2.2188507e+01
  -2.1120937e+01
  -1.9925564e+01
  -1.8605751e+01
  -1.7166413e+01
  -1.5613988e+01
  -1.3956384e+01
  -1.2202897e+01
  -1.0364106e+01
  -8.4517423e+00
  -6.4785436e+00
  -4.4580811e+00
  -2.4045758e+00
  -3.3269849e-01
   1.7426366e+00
   3.8064835e+00
   5.8440746e+00
   7.8410271e+00
   9.7835423e+00
   1.1658592e+01
   1.3454091e+01
   1.5159047e+01
   1.6763692e+01
   1.8259591e+01
   1.9639719e+01
   2.0898519e+01
   2.2031932e+01
   2.3037398e+01
   2.3913839e+01
   2.4661617e+01
   2.5282475e+01
   2.5779461e+01
   2.6156834e+01
   2.6419957e+01
   2.6575185e+01
   2.6629737e+01
   2.6591564e+01
   2.6469214e+01
   2.6271687e+01
   2.6008306e+01
   2.5688578e+01
   2.5322072e+01
   2.4918303e+01
   2.4486629e+01
   2.4036155e+01
   2.3575647e+01
   2.3113463e+01
   2.2657480e+01
   2.2215047e+01
   2.1792936e+01
   2.1397314e+01
   2.1033717e+01
   2.0707045e+01
   2.0421550e+01
   2.0180847e+01
   1.9987914e+01
   1.9845101e+01
   1.9754130e+01
   1.9716095e+01
   1.9731455e+01
   1.9800022e+01
   1.9920948e+01
   2.0092708e+01
   2.0313096e+01
   2.0579211e+01
   2.0887461e+01
   2.1233574e+01
   2.1612610e+01
   2.2018989e+01
   2.2446515e+01
   2.2888420e+01
   2.3337396e+01
   2.3785648e+01
   2.4224947e+01
   2.4646686e+01
   2.5041954e+01
   2.5401602e+01
   2.5716339e+01
   2.5976814e+01
   2.6173730e+01
   2.6297962e+01
   2.6340678e+01
   2.6293480e+01
   2.6148531e+01
   2.5898698e+01
   2.5537677e+01
   2.5060125e+01
   2.4461769e+01
   2.3739519e+01
   2.2891548e+01
   2.1917361e+01
   2.0817847e+01
   1.9595309e+01
   1.8253470e+01
   1.6797467e+01
   1.5233816e+01
   1.3570360e+01
   1.1816197e+01
   9.9815812e+00
   8.0778133e+00
   6.1171069e+00
   4.1124392e+00
   2.0773886e+00
   2.5958747e-02
  -2.0276046e+00
  -4.0690039e+00
  -6.0840821e+00
  -8.0590147e+00
  -9.9804975e+00
  -1.1835925e+01
  -1.3613559e+01
  -1.5302678e+01
  -1.6893715e+01
  -1.8378364e+01
  -1.9749673e+01
  -2.1002106e+01
  -2.2131578e+01
  -2.3135463e+01
  -2.4012588e+01
  -2.4763191e+01
  -2.5388874e+01
  -2.5892531e+01
  -2.6278261e+01
  -2.6551270e+01
  -2.6717765e+01
  -2.6784831e+01
  -2.6760317e+01
  -2.6652713e+01
  -2.6471019e+01
  -2.6224627e+01
  -2.5923189e+01
  -2.5576500e+01
  -2.5194372e+01
  -2.4786518e+01
  -2.4362445e+01
  -2.3931341e+01
  -2.3501984e+01
  -2.3082645e+01
  -2.2681007e+01
  -2.2304087e+01
  -2.1958182e+01
  -2.1648812e+01
  -2.1380690e+01
  -2.1157697e+01
  -2.0982877e+01
  -2.0858434e+01
  -2.0785753e+01
  -2.0765413e+01
  -2.0797220e+01
  -2.0880236e+01
  -2.1012812e+01
  -2.1192621e+01
  -2.1416686e+01
  -2.1681402e+01
  -2.1982558e+01
  -2.2315351e+01
  -2.2674400e+01
  -2.3053758e+01
  -2.3446925e+01
  -2.3846869e+01
  -2.4246047e+01
  -2.4636444e+01
  -2.5009616e+01
  -2.5356752e+01
  -2.5668749e+01
  -2.5936300e+01
  -2.6150002e+01
  -2.6300468e+01
  -2.6378452e+01
  -2.6374985e+01
  -2.6281514e+01
  -2.6090054e+01
  -2.5793335e+01
  -2.5384952e+01
  -2.4859506e+01
  -2.4212741e+01
  -2.3441659e+01
  -2.2544616e+01
  -2.1521401e+01
  -2.0373287e+01
  -1.9103063e+01
  -1.7715033e+01
  -1.6214991e+01
  -1.4610170e+01
  -1.2909165e+01
  -1.1121828e+01
  -9.2591489e+00
  -7.3331115e+00
  -5.3565326e+00
  -3.3428900e+00
  -1.3061386e+00
   7.3948078e-01
   2.7796367e+00
   4.8001042e+00
   6.7869600e+00
   8.7267712e+00
   1.0606774e+01
   1.2415042e+01
   1.4140629e+01
   1.5773707e+01
   1.7305673e+01
   1.8729238e+01
   2.0038491e+01
   2.1228945e+01
   2.2297552e+01
   2.3242698e+01
   2.4064183e+01
   2.4763167e+01
   2.5342112e+01
   2.5804699e+01
   2.6155726e+01
   2.6401007e+01
   2.6547242e+01
   2.6601897e+01
   2.6573067e+01
   2.6469343e+01
   2.6299682e+01
   2.6073275e+01
   2.5799427e+01
   2.5487443e+01
   2.5146523e+01
   2.4785664e+01
   2.4413579e+01
   2.4038613e+01
   2.3668672e+01
   2.3311159e+01
   2.2972912e+01
   2.2660159e+01
   2.2378465e+01
   2.2132698e+01
   2.1926998e+01
   2.1764749e+01
   2.1648563e+01
   2.1580271e+01
   2.1560918e+01
   2.1590767e+01
   2.1669298e+01
   2.1795219e+01
   2.1966468e+01
   2.2180217e+01
   2.2432881e+01
   2.2720121e+01
   2.3036854e+01
   2.3377271e+01
   2.3734860e+01
   2.4102446e+01
   2.4472242e+01
   2.4835917e+01
   2.5184675e+01
   2.5509356e+01
   2.5800540e+01
   2.6048673e+01
   2.6244195e+01
   2.6377666e+01
   2.6439901e+01
   2.6422096e+01
   2.6315947e+01
   2.6113769e+01
   2.5808612e+01
   2.5394374e+01
   2.4865913e+01
   2.4219151e+01
   2.3451174e+01
   2.2560319e+01
   2.1546245e+01
   2.0409996e+01
   1.9154034e+01
   1.7782265e+01
   1.6300027e+01
   1.4714068e+01
   1.3032484e+01
   1.1264638e+01
   9.4210494e+00
   7.5132634e+00
   5.5536955e+00
   3.5554644e+00
   1.5322105e+00
  -5.0209556e-01
  -2.5333489e+00
  -4.5475074e+00
  -6.5307860e+00
  -8.4698443e+00
  -1.0351964e+01
  -1.2165215e+01
  -1.3898606e+01
  -1.5542219e+01
  -1.7087333e+01
  -1.8526514e+01
  -1.9853700e+01
  -2.1064239e+01
  -2.2154916e+01
  -2.3123950e+01
  -2.3970964e+01
  -2.4696941e+01
  -2.5304156e+01
  -2.5796097e+01
  -2.6177365e+01
  -2.6453567e+01
  -2.6631199e+01
  -2.6717523e+01
  -2.6720449e+01
  -2.6648410e+01
  -2.6510249e+01
  -2.6315104e+01
  -2.6072296e+01
  -2.5791214e+01
  -2.5481211e+01
  -2.5151490e+01
  -2.4811003e+01
  -2.4468351e+01
  -2.4131691e+01
  -2.3808650e+01
  -2.3506240e+01
  -2.3230786e+01
  -2.2987858e+01
  -2.2782213e+01
  -2.2617746e+01
  -2.2497452e+01
  -2.2423403e+01
  -2.2396734e+01
  -2.2417640e+01
  -2.2485387e+01
  -2.2598331e+01
  -2.2753953e+01
  -2.2948892e+01
  -2.3178996e+01
  -2.3439371e+01
  -2.3724430e+01
  -2.4027954e+01
  -2.4343152e+01
  -2.4662724e+01
  -2.4978923e+01
  -2.5283630e+01
  -2.5568426e+01
  -2.5824665e+01
  -2.6043558e+01
  -2.6216255e+01
  -2.6333937e+01
  -2.6387904e+01
  -2.6369689e+01
  -2.6271159e+01
  -2.6084638e+01
  -2.5803026e+01
  -2.5419924e+01
  -2.4929757e+01
  -2.4327891e+01
  -2.3610745e+01
  -2.2775890e+01
  -2.1822137e+01
  -2.0749609e+01
  -1.9559792e+01
  -1.8255570e+01
  -1.6841240e+01
  -1.5322490e+01
  -1.3706365e+01
  -1.2001197e+01
  -1.0216514e+01
  -8.3629216e+00
  -6.4519742e+00
  -4.4960214e+00
  -2.5080441e+00
  -5.0147969e-01
   1.5099628e+00
   3.5124926e+00
   5.4924308e+00
   7.4364015e+00
   9.3315202e+00
   1.1165572e+01
   1.2927180e+01
   1.4605956e+01
   1.6192634e+01
   1.7679178e+01
   1.9058863e+01
   2.0326337e+01
   2.1477646e+01
   2.2510244e+01
   2.3422979e+01
   2.4216060e+01
   2.4891009e+01
   2.5450592e+01
   2.5898738e+01
   2.6240446e+01
   2.6481683e+01
   2.6629272e+01
   2.6690781e+01
   2.6674403e+01
   2.6588839e+01
   2.6443174e+01
   2.6246751e+01
   2.6009047e+01
   2.5739542e+01
   2.5447594e+01
   2.5142312e+01
   2.4832441e+01
   2.4526243e+01
   2.4231404e+01
   2.3954941e+01
   2.3703130e+01
   2.3481449e+01
   2.3294525e+01
   2.3146107e+01
   2.3039038e+01
   2.2975244e+01
   2.2955725e+01
   2.2980563e+01
   2.3048930e+01
   2.3159107e+01
   2.3308503e+01
   2.3493692e+01
   2.3710443e+01
   2.3953769e+01
   2.4217970e+01
   2.4496696e+01
   2.4783002e+01
   2.5069416e+01
   2.5348010e+01
   2.5610476e+01
   2.5848210e+01
   2.6052398e+01
   2.6214117e+01
   2.6324437e+01
   2.6374532e+01
   2.6355796e+01
   2.6259973e+01
   2.6079275e+01
   2.5806513e+01
   2.5435221e+01
   2.4959774e+01
   2.4375503e+01
   2.3678792e+01
   2.2867169e+01
   2.1939374e+01
   2.0895420e+01
   1.9736631e+01
   1.8465662e+01
   1.7086502e+01
   1.5604457e+01
   1.4026109e+01
   1.2359258e+01
   1.0612846e+01
   8.7968587e+00
   6.9222103e+00
   5.0006102e+00
   3.0444148e+00
   1.0664652e+00
  -9.2008455e-01
  -2.9019467e+00
  -4.8658821e+00
  -6.7988821e+00
  -8.6883459e+00
  -1.0522252e+01
  -1.2289321e+01
  -1.3979167e+01
  -1.5582434e+01
  -1.7090910e+01
  -1.8497620e+01
  -1.9796897e+01
  -2.0984417e+01
  -2.2057218e+01
  -2.3013698e+01
  -2.3853587e+01
  -2.4577905e+01
  -2.5188906e+01
  -2.5690002e+01
  -2.6085676e+01
  -2.6381387e+01
  -2.6583461e+01
  -2.6698986e+01
  -2.6735690e+01
  -2.6701834e+01
  -2.6606092e+01
  -2.6457435e+01
  -2.6265014e+01
  -2.6038041e+01
  -2.5785673e+01
  -2.5516897e+01
  -2.5240418e+01
  -2.4964551e+01
  -2.4697112e+01
  -2.4445319e+01
  -2.4215691e+01
  -2.4013966e+01
  -2.3845012e+01
  -2.3712770e+01
  -2.3620200e+01
  -2.3569248e+01
  -2.3560829e+01
  -2.3594827e+01
  -2.3670109e+01
  -2.3784551e+01
  -2.3935077e+01
  -2.4117707e+01
  -2.4327615e+01
  -2.4559202e+01
  -2.4806165e+01
  -2.5061575e+01
  -2.5317964e+01
  -2.5567406e+01
  -2.5801606e+01
  -2.6011992e+01
  -2.6189803e+01
  -2.6326187e+01
  -2.6412302e+01
  -2.6439425e+01
  -2.6399064e+01
  -2.6283078e+01
  -2.6083791e+01
  -2.5794118e+01
  -2.5407674e+01
  -2.4918893e+01
  -2.4323131e+01
  -2.3616774e+01
  -2.2797326e+01
  -2.1863492e+01
  -2.0815246e+01
  -1.9653872e+01
  -1.8381993e+01
  -1.7003568e+01
  -1.5523880e+01
  -1.3949486e+01
  -1.2288161e+01
  -1.0548818e+01
  -8.7414009e+00
  -6.8767680e+00
  -4.9665549e+00
  -3.0230218e+00
  -1.0588892e+00
   9.1283560e-01
   2.8790382e+00
   4.8266795e+00
   6.7429758e+00
   8.6155742e+00
   1.0432719e+01
   1.2183408e+01
   1.3857533e+01
   1.5446006e+01
   1.6940869e+01
   1.8335383e+01
   1.9624094e+01
   2.0802877e+01
   2.1868962e+01
   2.2820929e+01
   2.3658688e+01
   2.4383440e+01
   2.4997614e+01
   2.5504793e+01
   2.5909620e+01
   2.6217693e+01
   2.6435444e+01
   2.6570019e+01
   2.6629147e+01
   2.6621014e+01
   2.6554143e+01
   2.6437265e+01
   2.6279215e+01
   2.6088813e+01
   2.5874758e+01
   2.5645527e+01
   2.5409274e+01
   2.5173736e+01
   2.4946138e+01
   2.4733115e+01
   2.4540623e+01
   2.4373874e+01
   2.4237258e+01
   2.4134290e+01
   2.4067555e+01
   2.4038666e+01
   2.4048242e+01
   2.4095889e+01
   2.4180204e+01
   2.4298797e+01
   2.4448322e+01
   2.4624533e+01
   2.4822340e+01
   2.5035885e+01
   2.5258622e+01
   2.5483402e+01
   2.5702561e+01
   2.5908017e+01
   2.6091361e+01
   2.6243961e+01
   2.6357059e+01
   2.6421882e+01
   2.6429750e+01
   2.6372197e+01
   2.6241086e+01
   2.6028733e+01
   2.5728033e+01
   2.5332578e+01
   2.4836778e+01
   2.4235975e+01
   2.3526548e+01
   2.2706000e+01
   2.1773039e+01
   2.0727641e+01
   1.9571083e+01
   1.8305969e+01
   1.6936226e+01
   1.5467075e+01
   1.3904990e+01
   1.2257629e+01
   1.0533754e+01
   8.7431238e+00
   6.8963775e+00
   5.0048996e+00
   3.0806704e+00
   1.1361062e+00
  -8.1611017e-01
  -2.7632030e+00
  -4.6924799e+00
  -6.5915054e+00
  -8.4482684e+00
  -1.0251342e+01
  -1.1990029e+01
  -1.3654500e+01
  -1.5235908e+01
  -1.6726493e+01
  -1.8119667e+01
  -1.9410075e+01
  -2.0593642e+01
  -2.1667595e+01
  -2.2630463e+01
  -2.3482058e+01
  -2.4223436e+01
  -2.4856836e+01
  -2.5385613e+01
  -2.5814144e+01
  -2.6147736e+01
  -2.6392519e+01
  -2.6555338e+01
  -2.6643637e+01
  -2.6665339e+01
  -2.6628732e+01
  -2.6542344e+01
  -2.6414828e+01
  -2.6254842e+01
  -2.6070935e+01
  -2.5871438e+01
  -2.5664354e+01
  -2.5457257e+01
  -2.5257195e+01
  -2.5070595e+01
  -2.4903181e+01
  -2.4759899e+01
  -2.4644845e+01
  -2.4561213e+01
  -2.4511242e+01
  -2.4496191e+01
  -2.4516309e+01
  -2.4570833e+01
  -2.4657997e+01
  -2.4775046e+01
  -2.4918281e+01
  -2.5083101e+01
  -2.5264072e+01
  -2.5455001e+01
  -2.5649026e+01
  -2.5838712e+01
  -2.6016152e+01
  -2.6173078e+01
  -2.6300971e+01
  -2.6391174e+01
  -2.6435006e+01
  -2.6423882e+01
  -2.6349425e+01
  -2.6203588e+01
  -2.5978765e+01
  -2.5667915e+01
  -2.5264672e+01
  -2.4763464e+01
  -2.4159623e+01
  -2.3449490e+01
  -2.2630505e+01
  -2.1701290e+01
  -2.0661706e+01
  -1.9512900e+01
  -1.8257326e+01
  -1.6898748e+01
  -1.5442218e+01
  -1.3894034e+01
  -1.2261672e+01
  -1.0553703e+01
  -8.7796830e+00
  -6.9500362e+00
  -5.0759153e+00
  -3.1690565e+00
  -1.2416216e+00
   6.9396459e-01
   2.6251817e+00
   4.5395819e+00
   6.4249567e+00
   8.2694997e+00
   1.0061963e+01
   1.1791802e+01
   1.3449316e+01
   1.5025762e+01
   1.6513459e+01
   1.7905872e+01
   1.9197672e+01
   2.0384778e+01
   2.1464382e+01
   2.2434946e+01
   2.3296183e+01
   2.4049029e+01
   2.4695583e+01
   2.5239045e+01
   2.5683635e+01
   2.6034501e+01
   2.6297626e+01
   2.6479719e+01
   2.6588109e+01
   2.6630631e+01
   2.6615514e+01
   2.6551253e+01
   2.6446488e+01
   2.6309882e+01
   2.6149991e+01
   2.5975146e+01
   2.5793329e+01
   2.5612052e+01
   2.5438251e+01
   2.5278175e+01
   2.5137288e+01
   2.5020192e+01
   2.4930550e+01
   2.4871039e+01
   2.4843311e+01
   2.4847976e+01
   2.4884607e+01
   2.4951754e+01
   2.5046982e+01
   2.5166921e+01
   2.5307325e+01
   2.5463144e+01
   2.5628599e+01
   2.5797264e+01
   2.5962148e+01
   2.6115790e+01
   2.6250349e+01
   2.6357705e+01
   2.6429553e+01
   2.6457519e+01
   2.6433270e+01
   2.6348628e+01
   2.6195702e+01
   2.5967001e+01
   2.5655569e+01
   2.5255099e+01
   2.4760052e+01
   2.4165763e+01
   2.3468539e+01
   2.2665742e+01
   2.1755863e+01
   2.0738577e+01
   1.9614786e+01
   1.8386636e+01
   1.7057529e+01
   1.5632100e+01
   1.4116186e+01
   1.2516770e+01
   1.0841903e+01
   9.1006116e+00
   7.3027852e+00
   5.4590524e+00
   3.5806418e+00
   1.6792357e+00
  -2.3318313e-01
  -2.1444895e+00
  -4.0425761e+00
  -5.9155151e+00
  -7.7517174e+00
  -9.5400855e+00
  -1.1270158e+01
  -1.2932242e+01
  -1.4517530e+01
  -1.6018212e+01
  -1.7427556e+01
  -1.8739988e+01
  -1.9951135e+01
  -2.1057863e+01
  -2.2058278e+01
  -2.2951727e+01
  -2.3738763e+01
  -2.4421110e+01
  -2.5001602e+01
  -2.5484113e+01
  -2.5873471e+01
  -2.6175361e+01
  -2.6396212e+01
  -2.6543087e+01
  -2.6623558e+01
  -2.6645581e+01
  -2.6617373e+01
  -2.6547286e+01
  -2.6443687e+01
  -2.6314840e+01
  -2.6168791e+01
  -2.6013254e+01
  -2.5855509e+01
  -2.5702295e+01
  -2.5559717e+01
  -2.5433156e+01
  -2.5327188e+01
  -2.5245516e+01
  -2.5190904e+01
  -2.5165133e+01
  -2.5168964e+01
  -2.5202120e+01
  -2.5263282e+01
  -2.5350099e+01
  -2.5459219e+01
  -2.5586337e+01
  -2.5726261e+01
  -2.5872997e+01
  -2.6019844e+01
  -2.6159504e+01
  -2.6284203e+01
  -2.6385806e+01
  -2.6455951e+01
  -2.6486177e+01
  -2.6468050e+01
  -2.6393296e+01
  -2.6253926e+01
  -2.6042355e+01
  -2.5751523e+01
  -2.5375003e+01
  -2.4907113e+01
  -2.4343009e+01
  -2.3678782e+01
  -2.2911539e+01
  -2.2039469e+01
  -2.1061906e+01
  -1.9979362e+01
  -1.8793563e+01
  -1.7507445e+01
  -1.6125151e+01
  -1.4651995e+01
  -1.3094419e+01
  -1.1459925e+01
  -9.7569932e+00
  -7.9949831e+00
  -6.1840219e+00
  -4.3348765e+00
  -2.4588168e+00
  -5.6746899e-01
   1.3273366e+00
   3.2137219e+00
   5.0799196e+00
   6.9144325e+00
   8.7061873e+00
   1.0444683e+01
   1.2120125e+01
   1.3723553e+01
   1.5246943e+01
   1.6683306e+01
   1.8026759e+01
   1.9272584e+01
   2.0417271e+01
   2.1458536e+01
   2.2395323e+01
   2.3227791e+01
   2.3957269e+01
   2.4586203e+01
   2.5118083e+01
   2.5557353e+01
   2.5909313e+01
   2.6180019e+01
   2.6376169e+01
   2.6504984e+01
   2.6574096e+01
   2.6591424e+01
   2.6565051e+01
   2.6503102e+01
   2.6413623e+01
   2.6304458e+01
   2.6183132e+01
   2.6056737e+01
   2.5931825e+01
   2.5814309e+01
   2.5709370e+01
   2.5621379e+01
   2.5553824e+01
   2.5509259e+01
   2.5489261e+01
   2.5494407e+01
   2.5524268e+01
   2.5577424e+01
   2.5651488e+01
   2.5743152e+01
   2.5848251e+01
   2.5961829e+01
   2.6078226e+01
   2.6191170e+01
   2.6293864e+01
   2.6379096e+01
   2.6439328e+01
   2.6466812e+01
   2.6453690e+01
   2.6392109e+01
   2.6274334e+01
   2.6092867e+01
   2.5840558e+01
   2.5510733e+01
   2.5097301e+01
   2.4594863e+01
   2.3998821e+01
   2.3305466e+01
   2.2512065e+01
   2.1616928e+01
   2.0619466e+01
   1.9520234e+01
   1.8320956e+01
   1.7024534e+01
   1.5635040e+01
   1.4157691e+01
   1.2598810e+01
   1.0965763e+01
   9.2668814e+00
   7.5113679e+00
   5.7091854e+00
   3.8709302e+00
   2.0076947e+00
   1.3091978e-01
  -1.7477591e+00
  -3.6166698e+00
  -5.4642614e+00
  -7.2792611e+00
  -9.0508244e+00
  -1.0768678e+01
  -1.2423254e+01
  -1.4005809e+01
  -1.5508533e+01
  -1.6924641e+01
  -1.8248447e+01
  -1.9475421e+01
  -2.0602230e+01
  -2.1626754e+01
  -2.2548086e+01
  -2.3366514e+01
  -2.4083475e+01
  -2.4701504e+01
  -2.5224162e+01
  -2.5655947e+01
  -2.6002199e+01
  -2.6268999e+01
  -2.6463048e+01
  -2.6591552e+01
  -2.6662098e+01
  -2.6682525e+01
  -2.6660795e+01
  -2.6604871e+01
  -2.6522588e+01
  -2.6421542e+01
  -2.6308972e+01
  -2.6191665e+01
  -2.6075853e+01
  -2.5967133e+01
  -2.5870380e+01
  -2.5789678e+01
  -2.5728255e+01
  -2.5688429e+01
  -2.5671566e+01
  -2.5678045e+01
  -2.5707243e+01
  -2.5757532e+01
  -2.5826294e+01
  -2.5909952e+01
  -2.6004020e+01
  -2.6103172e+01
  -2.6201319e+01
  -2.6291713e+01
  -2.6367055e+01
  -2.6419622e+01
  -2.6441396e+01
  -2.6424201e+01
  -2.6359849e+01
  -2.6240272e+01
  -2.6057670e+01
  -2.5804640e+01
  -2.5474300e+01
  -2.5060412e+01
  -2.4557484e+01
  -2.3960870e+01
  -2.3266858e+01
  -2.2472748e+01
  -2.1576917e+01
  -2.0578872e+01
  -1.9479281e+01
  -1.8280001e+01
  -1.6984073e+01
  -1.5595716e+01
  -1.4120294e+01
  -1.2564268e+01
  -1.0935130e+01
  -9.2413212e+00
  -7.4921289e+00
  -5.6975746e+00
  -3.8682858e+00
  -2.0153579e+00
  -1.5020565e-01
   1.7155915e+00
   3.5704479e+00
   5.4029313e+00
   7.2019199e+00
   8.9567536e+00
   1.0657376e+01
   1.2294468e+01
   1.3859559e+01
   1.5345137e+01
   1.6744730e+01
   1.8052976e+01
   1.9265668e+01
   2.0379790e+01
   2.1393521e+01
   2.2306226e+01
   2.3118431e+01
   2.3831781e+01
   2.4448977e+01
   2.4973714e+01
   2.5410589e+01
   2.5765011e+01
   2.6043096e+01
   2.6251551e+01
   2.6397552e+01
   2.6488618e+01
   2.6532475e+01
   2.6536931e+01
   2.6509733e+01
   2.6458449e+01
   2.6390336e+01
   2.6312227e+01
   2.6230419e+01
   2.6150574e+01
   2.6077629e+01
   2.6015719e+01
   2.5968123e+01
   2.5937211e+01
   2.5924424e+01
   2.5930257e+01
   2.5954266e+01
   2.5995089e+01
   2.6050481e+01
   2.6117364e+01
   2.6191881e+01
   2.6269463e+01
   2.6344892e+01
   2.6412379e+01
   2.6465632e+01
   2.6497946e+01
   2.6502281e+01
   2.6471368e+01
   2.6397807e+01
   2.6274180e+01
   2.6093173e+01
   2.5847696e+01
   2.5531002e+01
   2.5136809e+01
   2.4659419e+01
   2.4093828e+01
   2.3435841e+01
   2.2682161e+01
   2.1830490e+01
   2.0879591e+01
   1.9829359e+01
   1.8680854e+01
   1.7436328e+01
   1.6099224e+01
   1.4674159e+01
   1.3166878e+01
   1.1584202e+01
   9.9339456e+00
   8.2248242e+00
   6.4663429e+00
   4.6686708e+00
   2.8425034e+00
   9.9891468e-01
  -8.5079579e-01
  -2.6952589e+00
  -4.5231915e+00
  -6.3235493e+00
  -8.0856750e+00
  -9.7994387e+00
  -1.1455369e+01
  -1.3044774e+01
  -1.4559842e+01
  -1.5993737e+01
  -1.7340669e+01
  -1.8595955e+01
  -1.9756055e+01
  -2.0818600e+01
  -2.1782389e+01
  -2.2647372e+01
  -2.3414615e+01
  -2.4086246e+01
  -2.4665389e+01
  -2.5156086e+01
  -2.5563202e+01
  -2.5892326e+01
  -2.6149659e+01
  -2.6341897e+01
  -2.6476110e+01
  -2.6559613e+01
  -2.6599847e+01
  -2.6604246e+01
  -2.6580122e+01
  -2.6534546e+01
  -2.6474237e+01
  -2.6405468e+01
  -2.6333971e+01
  -2.6264850e+01
  -2.6202511e+01
  -2.6150593e+01
  -2.6111910e+01
  -2.6088407e+01
  -2.6081123e+01
  -2.6090168e+01
  -2.6114710e+01
  -2.6152983e+01
  -2.6202303e+01
  -2.6259109e+01
  -2.6319014e+01
  -2.6376870e+01
  -2.6426855e+01
  -2.6462570e+01
  -2.6477150e+01
  -2.6463382e+01
  -2.6413832e+01
  -2.6320978e+01
  -2.6177335e+01
  -2.5975591e+01
  -2.5708729e+01
  -2.5370153e+01
  -2.4953800e+01
  -2.4454257e+01
  -2.3866853e+01
  -2.3187762e+01
  -2.2414079e+01
  -2.1543896e+01
  -2.0576361e+01
  -1.9511723e+01
  -1.8351359e+01
  -1.7097785e+01
  -1.5754655e+01
  -1.4326729e+01
  -1.2819838e+01
  -1.1240820e+01
  -9.5974497e+00
  -7.8983430e+00
  -6.1528544e+00
  -4.3709553e+00
  -2.5631030e+00
  -7.4010016e-01
   1.0870514e+00
   2.9073004e+00
   4.7096963e+00
   6.4835373e+00
   8.2185127e+00
   9.9048383e+00
   1.1533381e+01
   1.3095775e+01
   1.4584523e+01
   1.5993083e+01
   1.7315948e+01
   1.8548695e+01
   1.9688032e+01
   2.0731815e+01
   2.1679056e+01
   2.2529906e+01
   2.3285625e+01
   2.3948523e+01
   2.4521895e+01
   2.5009937e+01
   2.5417646e+01
   2.5750710e+01
   2.6015394e+01
   2.6218403e+01
   2.6366763e+01
   2.6467681e+01
   2.6528413e+01
   2.6556140e+01
   2.6557841e+01
   2.6540174e+01
   2.6509369e+01
   2.6471128e+01
   2.6430535e+01
   2.6391980e+01
   2.6359086e+01
   2.6334663e+01
   2.6320667e+01
   2.6318176e+01
   2.6327387e+01
   2.6347621e+01
   2.6377344e+01
   2.6414206e+01
   2.6455083e+01
   2.6496138e+01
   2.6532884e+01
   2.6560257e+01
   2.6572697e+01
   2.6564222e+01
   2.6528519e+01
   2.6459034e+01
   2.6349066e+01
   2.6191876e+01
   2.5980786e+01
   2.5709295e+01
   2.5371184e+01
   2.4960631e+01
   2.4472318e+01
   2.3901536e+01
   2.3244288e+01
   2.2497380e+01
   2.1658503e+01
   2.0726304e+01
   1.9700441e+01
   1.8581623e+01
   1.7371644e+01
   1.6073385e+01
   1.4690815e+01
   1.3228965e+01
   1.1693886e+01
   1.0092591e+01
   8.4329841e+00
   6.7237606e+00
   4.9743031e+00
   3.1945559e+00
   1.3948911e+00
  -4.1403479e-01
  -2.2214293e+00
  -4.0165139e+00
  -5.7886729e+00
  -7.5275986e+00
  -9.2234301e+00
  -1.0866883e+01
  -1.2449369e+01
  -1.3963103e+01
  -1.5401196e+01
  -1.6757735e+01
  -1.8027839e+01
  -1.9207708e+01
  -2.0294647e+01
  -2.1287075e+01
  -2.2184520e+01
  -2.2987595e+01
  -2.3697956e+01
  -2.4318241e+01
  -2.4852001e+01
  -2.5303604e+01
  -2.5678137e+01
  -2.5981296e+01
  -2.6219270e+01
  -2.6398625e+01
  -2.6526186e+01
  -2.6608913e+01
  -2.6653785e+01
  -2.6667684e+01
  -2.6657277e+01
  -2.6628918e+01
  -2.6588538e+01
  -2.6541557e+01
  -2.6492801e+01
  -2.6446421e+01
  -2.6405830e+01
  -2.6373648e+01
  -2.6351654e+01
  -2.6340750e+01
  -2.6340939e+01
  -2.6351311e+01
  -2.6370046e+01
  -2.6394433e+01
  -2.6420911e+01
  -2.6445118e+01
  -2.6461963e+01
  -2.6465714e+01
  -2.6450095e+01
  -2.6408407e+01
  -2.6333649e+01
  -2.6218663e+01
  -2.6056263e+01
  -2.5839380e+01
  -2.5561185e+01
  -2.5215220e+01
  -2.4795507e+01
  -2.4296662e+01
  -2.3713992e+01
  -2.3043593e+01
  -2.2282430e+01
  -2.1428417e+01
  -2.0480470e+01
  -1.9438559e+01
  -1.8303741e+01
  -1.7078174e+01
  -1.5765122e+01
  -1.4368935e+01
  -1.2895020e+01
  -1.1349782e+01
  -9.7405602e+00
  -8.0755361e+00
  -6.3636351e+00
  -4.6144098e+00
  -2.8379131e+00
  -1.0445626e+00
   7.5500114e-01
   2.5500595e+00
   4.3299608e+00
   6.0842631e+00
   7.8028749e+00
   9.4761909e+00
   1.1095221e+01
   1.2651707e+01
   1.4138231e+01
   1.5548297e+01
   1.6876406e+01
   1.8118107e+01
   1.9270031e+01
   2.0329906e+01
   2.1296565e+01
   2.2169920e+01
   2.2950939e+01
   2.3641585e+01
   2.4244762e+01
   2.4764230e+01
   2.5204521e+01
   2.5570837e+01
   2.5868949e+01
   2.6105079e+01
   2.6285784e+01
   2.6417831e+01
   2.6508077e+01
   2.6563340e+01
   2.6590282e+01
   2.6595290e+01
   2.6584367e+01
   2.6563025e+01
   2.6536198e+01
   2.6508153e+01
   2.6482423e+01
   2.6461747e+01
   2.6448031e+01
   2.6442316e+01
   2.6444764e+01
   2.6454667e+01
   2.6470458e+01
   2.6489748e+01
   2.6509365e+01
   2.6525410e+01
   2.6533319e+01
   2.6527939e+01
   2.6503608e+01
   2.6454251e+01
   2.6373479e+01
   2.6254696e+01
   2.6091208e+01
   2.5876343e+01
   2.5603561e+01
   2.5266582e+01
   2.4859497e+01
   2.4376892e+01
   2.3813958e+01
   2.3166599e+01
   2.2431530e+01
   2.1606359e+01
   2.0689661e+01
   1.9681035e+01
   1.8581147e+01
   1.7391752e+01
   1.6115702e+01
   1.4756930e+01
   1.3320422e+01
   1.1812163e+01
   1.0239069e+01
   8.6088994e+00
   6.9301578e+00
   5.2119753e+00
   3.4639890e+00
   1.6962114e+00
  -8.1102269e-02
  -1.8575902e+00
  -3.6229212e+00
  -5.3669333e+00
  -7.0797699e+00
  -8.7520127e+00
  -1.0374806e+01
  -1.1939969e+01
  -1.3440098e+01
  -1.4868649e+01
  -1.6220012e+01
  -1.7489557e+01
  -1.8673675e+01
  -1.9769793e+01
  -2.0776381e+01
  -2.1692931e+01
  -2.2519929e+01
  -2.3258809e+01
  -2.3911885e+01
  -2.4482286e+01
  -2.4973872e+01
  -2.5391149e+01
  -2.5739179e+01
  -2.6023485e+01
  -2.6249947e+01
  -2.6424700e+01
  -2.6554028e+01
  -2.6644250e+01
  -2.6701616e+01
  -2.6732194e+01
  -2.6741773e+01
  -2.6735755e+01
  -2.6719071e+01
  -2.6696091e+01
  -2.6670555e+01
  -2.6645506e+01
  -2.6623237e+01
  -2.6605248e+01
  -2.6592207e+01
  -2.6583929e+01
  -2.6579367e+01
  -2.6576620e+01
  -2.6572955e+01
  -2.6564853e+01
  -2.6548066e+01
  -2.6517691e+01
  -2.6468261e+01
  -2.6393853e+01
  -2.6288204e+01
  -2.6144831e+01
  -2.5957158e+01
  -2.5718647e+01
  -2.5422917e+01
  -2.5063866e+01
  -2.4635787e+01
  -2.4133480e+01
  -2.3552358e+01
  -2.2888542e+01
  -2.2138956e+01
  -2.1301397e+01
  -2.0374600e+01
  -1.9358288e+01
  -1.8253206e+01
  -1.7061137e+01
  -1.5784917e+01
  -1.4428419e+01
  -1.2996525e+01
  -1.1495087e+01
  -9.9308661e+00
  -8.3114554e+00
  -6.6451937e+00
  -4.9410604e+00
  -3.2085583e+00
  -1.4575854e+00
   3.0170153e-01
   2.0590295e+00
   3.8041538e+00
   5.5270023e+00
   7.2178172e+00
   8.8672896e+00
   1.0466686e+01
   1.2007960e+01
   1.3483857e+01
   1.4887992e+01
   1.6214924e+01
   1.7460211e+01
   1.8620441e+01
   1.9693262e+01
   2.0677376e+01
   2.1572533e+01
   2.2379493e+01
   2.3099984e+01
   2.3736635e+01
   2.4292902e+01
   2.4772973e+01
   2.5181668e+01
   2.5524338e+01
   2.5806744e+01
   2.6034944e+01
   2.6215176e+01
   2.6353732e+01
   2.6456849e+01
   2.6530589e+01
   2.6580735e+01
   2.6612690e+01
   2.6631385e+01
   2.6641189e+01
   2.6645833e+01
   2.6648345e+01
   2.6650993e+01
   2.6655248e+01
   2.6661752e+01
   2.6670320e+01
   2.6679938e+01
   2.6688793e+01
   2.6694309e+01
   2.6693203e+01
   2.6681546e+01
   2.6654842e+01
   2.6608109e+01
   2.6535971e+01
   2.6432750e+01
   2.6292567e+01
   2.6109437e+01
   2.5877369e+01
   2.5590468e+01
   2.5243038e+01
   2.4829694e+01
   2.4345461e+01
   2.3785880e+01
   2.3147105e+01
   2.2425985e+01
   2.1620146e+01
   2.0728054e+01
   1.9749072e+01
   1.8683508e+01
   1.7532644e+01
   1.6298759e+01
   1.4985125e+01
   1.3595999e+01
   1.2136587e+01
   1.0612995e+01
   9.0321694e+00
   7.4018114e+00
   5.7302884e+00
   4.0265254e+00
   2.2998878e+00
   5.6005561e-01
  -1.1831075e+00
  -2.9196873e+00
  -4.6398534e+00
  -6.3339924e+00
  -7.9928377e+00
  -9.6075948e+00
  -1.1170057e+01
  -1.2672712e+01
  -1.4108833e+01
  -1.5472554e+01
  -1.6758936e+01
  -1.7964008e+01
  -1.9084799e+01
  -2.0119346e+01
  -2.1066693e+01
  -2.1926867e+01
  -2.2700840e+01
  -2.3390480e+01
  -2.3998487e+01
  -2.4528314e+01
  -2.4984091e+01
  -2.5370529e+01
  -2.5692831e+01
  -2.5956585e+01
  -2.6167671e+01
  -2.6332148e+01
  -2.6456149e+01
  -2.6545761e+01
  -2.6606916e+01
  -2.6645270e+01
  -2.6666097e+01
  -2.6674181e+01
  -2.6673726e+01
  -2.6668270e+01
  -2.6660617e+01
  -2.6652791e+01
  -2.6645996e+01
  -2.6640601e+01
  -2.6636138e+01
  -2.6631310e+01
  -2.6624015e+01
  -2.6611380e+01
  -2.6589809e+01
  -2.6555042e+01
  -2.6502236e+01
  -2.6426049e+01
  -2.6320741e+01
  -2.6180287e+01
  -2.5998493e+01
  -2.5769119e+01
  -2.5486010e+01
  -2.5143218e+01
  -2.4735126e+01
  -2.4256568e+01
  -2.3702938e+01
  -2.3070288e+01
  -2.2355418e+01
  -2.1555950e+01
  -2.0670396e+01
  -1.9698202e+01
  -1.8639789e+01
  -1.7496576e+01
  -1.6270980e+01
  -1.4966409e+01
  -1.3587235e+01
  -1.2138745e+01
  -1.0627091e+01
  -9.0592190e+00
  -7.4427853e+00
  -5.7860677e+00
  -4.0978636e+00
  -2.3873806e+00
  -6.6411924e-01
   1.0622514e+00
   2.7820226e+00
   4.4855773e+00
   6.1635193e+00
   7.8067985e+00
   9.4068281e+00
   1.0955595e+01
   1.2445758e+01
   1.3870740e+01
   1.5224799e+01
   1.6503090e+01
   1.7701716e+01
   1.8817749e+01
   1.9849253e+01
   2.0795283e+01
   2.1655863e+01
   2.2431965e+01
   2.3125455e+01
   2.3739031e+01
   2.4276153e+01
   2.4740954e+01
   2.5138144e+01
   2.5472912e+01
   2.5750814e+01
   2.5977662e+01
   2.6159408e+01
   2.6302020e+01
   2.6411372e+01
   2.6493124e+01
   2.6552616e+01
   2.6594763e+01
   2.6623961e+01
   2.6644008e+01
   2.6658031e+01
   2.6668427e+01
   2.6676821e+01
   2.6684033e+01
   2.6690066e+01
   2.6694109e+01
   2.6694553e+01
   2.6689024e+01
   2.6674432e+01
   2.6647026e+01
   2.6602464e+01
   2.6535893e+01
   2.6442045e+01
   2.6315340e+01
   2.6149999e+01
   2.5940164e+01
   2.5680019e+01
   2.5363904e+01
   2.4986426e+01
   2.4542562e+01
   2.4027753e+01
   2.3437997e+01
   2.2769921e+01
   2.2020863e+01
   2.1188929e+01
   2.0273053e+01
   1.9273041e+01
   1.8189609e+01
   1.7024397e+01
   1.5779980e+01
   1.4459863e+01
   1.3068460e+01
   1.1611064e+01
   1.0093796e+01
   8.5235441e+00
   6.9078884e+00
   5.2550065e+00
   3.5735725e+00
   1.8726429e+00
   1.6153624e-01
  -1.5502910e+00
  -3.2533685e+00
  -4.9383352e+00
  -6.5960593e+00
  -8.2177547e+00
  -9.7950937e+00
  -1.1320314e+01
  -1.2786319e+01
  -1.4186768e+01
  -1.5516153e+01
  -1.6769866e+01
  -1.7944247e+01
  -1.9036613e+01
  -2.0045273e+01
  -2.0969523e+01
  -2.1809620e+01
  -2.2566741e+01
  -2.3242921e+01
  -2.3840985e+01
  -2.4364463e+01
  -2.4817500e+01
  -2.5204758e+01
  -2.5531314e+01
  -2.5802551e+01
  -2.6024048e+01
  -2.6201479e+01
  -2.6340501e+01
  -2.6446656e+01
  -2.6525267e+01
  -2.6581348e+01
  -2.6619506e+01
  -2.6643860e+01
  -2.6657955e+01
  -2.6664703e+01
  -2.6666312e+01
  -2.6664248e+01
  -2.6659198e+01
  -2.6651053e+01
  -2.6638902e+01
  -2.6621049e+01
  -2.6595039e+01
  -2.6557705e+01
  -2.6505235e+01
  -2.6433246e+01
  -2.6336877e+01
  -2.6210890e+01
  -2.6049774e+01
  -2.5847862e+01
  -2.5599433e+01
  -2.5298833e+01
  -2.4940581e+01
  -2.4519482e+01
  -2.4030734e+01
  -2.3470031e+01
  -2.2833661e+01
  -2.2118591e+01
  -2.1322543e+01
  -2.0444062e+01
  -1.9482564e+01
  -1.8438378e+01
  -1.7312768e+01
  -1.6107948e+01
  -1.4827077e+01
  -1.3474236e+01
  -1.2054402e+01
  -1.0573389e+01
  -9.0377916e+00
  -7.4548988e+00
  -5.8326082e+00
  -4.1793205e+00
  -2.5038299e+00
  -8.1520582e-01
   8.7732793e-01
   2.5645165e+00
   4.2371971e+00
   5.8864209e+00
   7.5035697e+00
   9.0804677e+00
   1.0609483e+01
   1.2083621e+01
   1.3496601e+01
   1.4842926e+01
   1.6117929e+01
   1.7317812e+01
   1.8439670e+01
   1.9481497e+01
   2.0442181e+01
   2.1321488e+01
   2.2120027e+01
   2.2839213e+01
   2.3481210e+01
   2.4048872e+01
   2.4545674e+01
   2.4975634e+01
   2.5343223e+01
   2.5653281e+01
   2.5910923e+01
   2.6121442e+01
   2.6290213e+01
   2.6422592e+01
   2.6523814e+01
   2.6598884e+01
   2.6652474e+01
   2.6688824e+01
   2.6711645e+01
   2.6724040e+01
   2.6728428e+01
   2.6726491e+01
   2.6719134e+01
   2.6706460e+01
   2.6687774e+01
   2.6661595e+01
   2.6625691e+01
   2.6577124e+01
   2.6512316e+01
   2.6427126e+01
   2.6316940e+01
   2.6176775e+01
   2.6001386e+01
   2.5785378e+01
   2.5523315e+01
   2.5209832e+01
   2.4839736e+01
   2.4408109e+01
   2.3910404e+01
   2.3342535e+01
   2.2700966e+01
   2.1982788e+01
   2.1185796e+01
   2.0308547e+01
   1.9350420e+01
   1.8311657e+01
   1.7193393e+01
   1.5997671e+01
   1.4727449e+01
   1.3386580e+01
   1.1979788e+01
   1.0512624e+01
   8.9914114e+00
   7.4231756e+00
   5.8155637e+00
   4.1767497e+00
   2.5153306e+00
   8.4021104e-01
  -8.3951775e-01
  -2.5147039e+00
  -4.1762622e+00
  -5.8152996e+00
  -7.4232366e+00
  -8.9919207e+00
  -1.0513731e+01
  -1.1981672e+01
  -1.3389451e+01
  -1.4731549e+01
  -1.6003273e+01
  -1.7200798e+01
  -1.8321194e+01
  -1.9362432e+01
  -2.0323388e+01
  -2.1203819e+01
  -2.2004330e+01
  -2.2726331e+01
  -2.3371977e+01
  -2.3944099e+01
  -2.4446131e+01
  -2.4882026e+01
  -2.5256160e+01
  -2.5573246e+01
  -2.5838232e+01
  -2.6056210e+01
  -2.6232316e+01
  -2.6371643e+01
  -2.6479137e+01
  -2.6559510e+01
  -2.6617143e+01
  -2.6656002e+01
  -2.6679559e+01
  -2.6690719e+01
  -2.6691765e+01
  -2.6684307e+01
  -2.6669249e+01
  -2.6646767e+01
  -2.6616299e+01
  -2.6576558e+01
  -2.6525552e+01
  -2.6460617e+01
  -2.6378469e+01
  -2.6275262e+01
  -2.6146662e+01
  -2.5987932e+01
  -2.5794027e+01
  -2.5559699e+01
  -2.5279604e+01
  -2.4948419e+01
  -2.4560952e+01
  -2.4112257e+01
  -2.3597741e+01
  -2.3013276e+01
  -2.2355300e+01
  -2.1620904e+01
  -2.0807917e+01
  -1.9914968e+01
  -1.8941538e+01
  -1.7888000e+01
  -1.6755639e+01
  -1.5546665e+01
  -1.4264208e+01
  -1.2912299e+01
  -1.1495839e+01
  -1.0020549e+01
  -8.4929153e+00
  -6.9201118e+00
  -5.3099167e+00
  -3.6706147e+00
  -2.0108930e+00
  -3.3972880e-01
   1.3337289e+00
   3.0002827e+00
   4.6508108e+00
   6.2763925e+00
   7.8684295e+00
   9.4187643e+00
   1.0919791e+01
   1.2364558e+01
   1.3746851e+01
   1.5061274e+01
   1.6303304e+01
   1.7469330e+01
   1.8556689e+01
   1.9563664e+01
   2.0489489e+01
   2.1334317e+01
   2.2099189e+01
   2.2785983e+01
   2.3397344e+01
   2.3936607e+01
   2.4407712e+01
   2.4815101e+01
   2.5163614e+01
   2.5458383e+01
   2.5704712e+01
   2.5907967e+01
   2.6073462e+01
   2.6206344e+01
   2.6311491e+01
   2.6393413e+01
   2.6456165e+01
   2.6503264e+01
   2.6537632e+01
   2.6561532e+01
   2.6576537e+01
   2.6583495e+01
   2.6582518e+01
   2.6572981e+01
   2.6553538e+01
   2.6522146e+01
   2.6476106e+01
   2.6412121e+01
   2.6326357e+01
   2.6214519e+01
   2.6071941e+01
   2.5893673e+01
   2.5674580e+01
   2.5409450e+01
   2.5093096e+01
   2.4720469e+01
   2.4286770e+01
   2.3787548e+01
   2.3218811e+01
   2.2577117e+01
   2.1859662e+01
   2.1064357e+01
   2.0189895e+01
   1.9235801e+01
   1.8202471e+01
   1.7091194e+01
   1.5904162e+01
   1.4644462e+01
   1.3316058e+01
   1.1923755e+01
   1.0473151e+01
   8.9705786e+00
   7.4230278e+00
   5.8380648e+00
   4.2237377e+00
   2.5884752e+00
   9.4097805e-01
  -7.0989588e-01
  -2.3552508e+00
  -3.9862741e+00
  -5.5943566e+00
  -7.1712100e+00
  -8.7089789e+00
  -1.0200345e+01
  -1.1638624e+01
  -1.3017845e+01
  -1.4332820e+01
  -1.5579204e+01
  -1.6753530e+01
  -1.7853235e+01
  -1.8876676e+01
  -1.9823120e+01
  -2.0692727e+01
  -2.1486516e+01
  -2.2206316e+01
  -2.2854702e+01
  -2.3434916e+01
  -2.3950777e+01
  -2.4406578e+01
  -2.4806972e+01
  -2.5156859e+01
  -2.5461266e+01
  -2.5725230e+01
  -2.5953679e+01
  -2.6151316e+01
  -2.6322512e+01
  -2.6471196e+01
  -2.6600761e+01
  -2.6713977e+01
  -2.6812911e+01
  -2.6898866e+01
  -2.6972337e+01
  -2.7032975e+01
  -2.7079582e+01
  -2.7110120e+01
  -2.7121744e+01
  -2.7110856e+01
  -2.7073173e+01
  -2.7003828e+01
  -2.6897471e+01
  -2.6748399e+01
  -2.6550698e+01
  -2.6298400e+01
  -2.5985650e+01
  -2.5606882e+01
  -2.5157001e+01
  -2.4631570e+01
  -2.4026985e+01
  -2.3340645e+01
  -2.2571108e+01
  -2.1718227e+01
  -2.0783269e+01
  -1.9768995e+01
  -1.8679721e+01
  -1.7521339e+01
  -1.6301299e+01
  -1.5028557e+01
  -1.3713473e+01
  -1.2367679e+01
  -1.1003900e+01
  -9.6357378e+00
  -8.2774213e+00
  -6.9435252e+00
  -5.6486625e+00
  -4.4071590e+00
  -3.2327193e+00
  -2.1380892e+00
  -1.1347263e+00
  -2.3248483e-01
   5.6067419e-01
   1.2389365e+00
   1.7988420e+00
   2.2394357e+00
   2.5623530e+00
   2.7718310e+00
   2.8746394e+00
   2.8799247e+00
   2.7989668e+00
   2.6448451e+00
   2.4320185e+00
   2.1758273e+00
   1.8919304e+00
