   3.7261560e-07
   4.1363058e-07
   4.4903547e-07
   4.7718851e-07
   4.9642879e-07
   5.0511730e-07
   5.0168269e-07
   4.8467098e-07
   4.5279864e-07
   4.0500789e-07
   3.4052317e-07
   2.5890739e-07
   1.6011645e-07
   4.4550520e-08
  -8.6899949e-08
  -2.3281504e-07
  -3.9121518e-07
  -5.5954165e-07
  -7.3464992e-07
  -9.1281736e-07
  -1.0897671e-06
  -1.2607095e-06
  -1.4204023e-06
  -1.5632302e-06
  -1.6833045e-06
  -1.7745825e-06
  -1.8310063e-06
  -1.8466590e-06
  -1.8159383e-06
  -1.7337430e-06
  -1.5956703e-06
  -1.3982202e-06
  -1.1390021e-06
  -8.1693892e-07
  -4.3246211e-07
   1.2307065e-08
   5.1339809e-07
   1.0648597e-06
   1.6586633e-06
   2.2846490e-06
   2.9305201e-06
   3.5818928e-06
   4.2224076e-06
   4.8339059e-06
   5.3966762e-06
   5.8897731e-06
   6.2914085e-06
   6.5794147e-06
   6.7317769e-06
   6.7272293e-06
   6.5459070e-06
   6.1700452e-06
   5.5847116e-06
   4.7785581e-06
   3.7445745e-06
   2.4808246e-06
   9.9114270e-07
  -7.1423164e-07
  -2.6181065e-06
  -4.6959026e-06
  -6.9153562e-06
  -9.2363858e-06
  -1.1611147e-05
  -1.3984295e-05
  -1.6293484e-05
  -1.8470103e-05
  -2.0440279e-05
  -2.2126142e-05
  -2.3447354e-05
  -2.4322901e-05
  -2.4673127e-05
  -2.4421998e-05
  -2.3499550e-05
  -2.1844500e-05
  -1.9406955e-05
  -1.6151168e-05
  -1.2058280e-05
  -7.1289655e-06
  -1.3858985e-06
   5.1240337e-06
   1.2327877e-05
   2.0125201e-05
   2.8387231e-05
   3.6956606e-05
   4.5647869e-05
   5.4248738e-05
   6.2522257e-05
   7.0209860e-05
   7.7035396e-05
   8.2710123e-05
   8.6938676e-05
   8.9425966e-05
   8.9884953e-05
   8.8045202e-05
   8.3662095e-05
   7.6526548e-05
   6.6475031e-05
   5.3399684e-05
   3.7258265e-05
   1.8083657e-05
  -4.0073793e-06
  -2.8806518e-05
  -5.6007593e-05
  -8.5202075e-05
  -1.1587663e-04
  -1.4741311e-04
  -1.7909124e-04
  -2.1009434e-04
  -2.3951824e-04
  -2.6638359e-04
  -2.8965172e-04
  -3.0824400e-04
  -3.2106464e-04
  -3.2702689e-04
  -3.2508218e-04
  -3.1425201e-04
  -2.9366196e-04
  -2.6257723e-04
  -2.2043901e-04
  -1.6690079e-04
  -1.0186362e-04
  -2.5509377e-05
   6.1669242e-05
   1.5884310e-04
   2.6482662e-04
   3.7806466e-04
   4.9662740e-04
   6.1821455e-04
   7.4016965e-04
   8.5950565e-04
   9.7294226e-04
   1.0769557e-03
   1.1678408e-03
   1.2417858e-03
   1.2949588e-03
   1.3236052e-03
   1.3241553e-03
   1.2933390e-03
   1.2283070e-03
   1.1267544e-03
   9.8704427e-04
   8.0832666e-04
   5.9065014e-04
   3.3506002e-04
   4.3679116e-05
  -2.8023451e-04
  -6.3225807e-04
  -1.0068085e-03
  -1.3971862e-03
  -1.7956640e-03
  -2.1936258e-03
  -2.5817598e-03
  -2.9503118e-03
  -3.2894001e-03
  -3.5893962e-03
  -3.8413734e-03
  -4.0376223e-03
  -4.1722344e-03
  -4.2417512e-03
  -4.2458755e-03
  -4.1882399e-03
  -4.0772274e-03
  -3.9268338e-03
  -3.7575656e-03
  -3.5973591e-03
  -3.4825109e-03
  -3.4586034e-03
  -3.5814120e-03
  -3.9177757e-03
  -4.5464133e-03
  -5.5586656e-03
  -7.0591435e-03
  -9.1662578e-03
  -1.2012607e-02
  -1.5745200e-02
  -2.0525472e-02
  -2.6529082e-02
  -3.3945428e-02
  -4.2976860e-02
  -5.3837531e-02
  -6.6751872e-02
  -8.1952653e-02
  -9.9678640e-02
  -1.2017185e-01
  -1.4367442e-01
  -1.7042507e-01
  -2.0065526e-01
  -2.3458505e-01
  -2.7241877e-01
  -3.1434056e-01
  -3.6050999e-01
  -4.1105769e-01
  -4.6608136e-01
  -5.2564201e-01
  -5.8976082e-01
  -6.5841644e-01
  -7.3154302e-01
  -8.0902891e-01
  -8.9071609e-01
  -9.7640033e-01
  -1.0658320e+00
  -1.1587179e+00
  -1.2547229e+00
  -1.3534734e+00
  -1.4545604e+00
  -1.5575430e+00
  -1.6619529e+00
  -1.7672991e+00
  -1.8730716e+00
  -1.9787474e+00
  -2.0837948e+00
  -2.1876784e+00
  -2.2898647e+00
  -2.3898265e+00
  -2.4870480e+00
  -2.5810300e+00
  -2.6712939e+00
  -2.7573868e+00
  -2.8388857e+00
  -2.9154011e+00
  -2.9865811e+00
  -3.0521148e+00
  -3.1117348e+00
  -3.1652199e+00
  -3.2123971e+00
  -3.2531428e+00
  -3.2873843e+00
  -3.3150994e+00
  -3.3363169e+00
  -3.3511152e+00
  -3.3596215e+00
  -3.3620094e+00
  -3.3584966e+00
  -3.3493419e+00
  -3.3348412e+00
  -3.3153241e+00
  -3.2911484e+00
  -3.2626957e+00
  -3.2303655e+00
  -3.1945698e+00
  -3.1557271e+00
  -3.1142566e+00
  -3.0705724e+00
  -3.0250779e+00
  -2.9781609e+00
  -2.9301892e+00
  -2.8815063e+00
  -2.8324286e+00
  -2.7832429e+00
  -2.7342044e+00
  -2.6855362e+00
  -2.6374288e+00
  -2.5900405e+00
  -2.5434981e+00
  -2.4978987e+00
  -2.4533113e+00
  -2.4097792e+00
  -2.3673223e+00
  -2.3259399e+00
  -2.2856132e+00
  -2.2463081e+00
  -2.2079777e+00
  -2.1705649e+00
  -2.1340040e+00
  -2.0982229e+00
  -2.0631445e+00
  -2.0286879e+00
  -1.9947690e+00
  -1.9613016e+00
  -1.9281978e+00
  -1.8953682e+00
  -1.8627226e+00
  -1.8301706e+00
  -1.7976217e+00
  -1.7649867e+00
  -1.7321779e+00
  -1.6991109e+00
  -1.6657052e+00
  -1.6318862e+00
  -1.5975861e+00
  -1.5627462e+00
  -1.5273181e+00
  -1.4912653e+00
  -1.4545652e+00
  -1.4172096e+00
  -1.3792064e+00
  -1.3405800e+00
  -1.3013716e+00
  -1.2616392e+00
  -1.2214573e+00
  -1.1809154e+00
  -1.1401169e+00
  -1.0991768e+00
  -1.0582201e+00
  -1.0173785e+00
  -9.7678762e-01
  -9.3658408e-01
  -8.9690183e-01
  -8.5786874e-01
  -8.1960296e-01
  -7.8220921e-01
  -7.4577497e-01
  -7.1036686e-01
  -6.7602692e-01
  -6.4276925e-01
  -6.1057667e-01
  -5.7939790e-01
  -5.4914490e-01
  -5.1969079e-01
  -4.9086820e-01
  -4.6246818e-01
  -4.3423975e-01
  -4.0589005e-01
  -3.7708536e-01
  -3.4745267e-01
  -3.1658223e-01
  -2.8403072e-01
  -2.4932519e-01
  -2.1196769e-01
  -1.7144048e-01
  -1.2721180e-01
  -7.8742116e-02
  -2.5490730e-02
   3.3077395e-02
   9.7484701e-02
   1.6823418e-01
   2.4580281e-01
   3.3063534e-01
   4.2313876e-01
   5.2367743e-01
   6.3256895e-01
   7.5008100e-01
   8.7642899e-01
   1.0117745e+00
   1.1562246e+00
   1.3098315e+00
   1.4725935e+00
   1.6444551e+00
   1.8253082e+00
   2.0149932e+00
   2.2132998e+00
   2.4199673e+00
   2.6346850e+00
   2.8570922e+00
   3.0867776e+00
   3.3232783e+00
   3.5660789e+00
   3.8146099e+00
   4.0682468e+00
   4.3263083e+00
   4.5880556e+00
   4.8526914e+00
   5.1193598e+00
   5.3871468e+00
   5.6550810e+00
   5.9221358e+00
   6.1872323e+00
   6.4492433e+00
   6.7069987e+00
   6.9592920e+00
   7.2048882e+00
   7.4425330e+00
   7.6709636e+00
   7.8889196e+00
   8.0951559e+00
   8.2884555e+00
   8.4676436e+00
   8.6316012e+00
   8.7792790e+00
   8.9097109e+00
   9.0220265e+00
   9.1154629e+00
   9.1893756e+00
   9.2432471e+00
   9.2766948e+00
   9.2894764e+00
   9.2814937e+00
   9.2527946e+00
   9.2035726e+00
   9.1341645e+00
   9.0450462e+00
   8.9368264e+00
   8.8102384e+00
   8.6661309e+00
   8.5054566e+00
   8.3292600e+00
   8.1386640e+00
   7.9348563e+00
   7.7190741e+00
   7.4925902e+00
   7.2566978e+00
   7.0126963e+00
   6.7618774e+00
   6.5055113e+00
   6.2448347e+00
   5.9810392e+00
   5.7152602e+00
   5.4485679e+00
   5.1819593e+00
   4.9163503e+00
   4.6525710e+00
   4.3913600e+00
   4.1333622e+00
   3.8791257e+00
   3.6291017e+00
   3.3836446e+00
   3.1430134e+00
   2.9073744e+00
   2.6768048e+00
   2.4512967e+00
   2.2307625e+00
   2.0150406e+00
   1.8039015e+00
   1.5970549e+00
   1.3941558e+00
   1.1948127e+00
   9.9859357e-01
   8.0503385e-01
   6.1364286e-01
   4.2391067e-01
   2.3531452e-01
   4.7324958e-02
  -1.4058842e-01
  -3.2895153e-01
  -5.1828066e-01
  -7.0907765e-01
  -9.0182521e-01
  -1.0969824e+00
  -1.2949801e+00
  -1.4962165e+00
  -1.7010528e+00
  -1.9098081e+00
  -2.1227549e+00
  -2.3401139e+00
  -2.5620491e+00
  -2.7886623e+00
  -3.0199880e+00
  -3.2559881e+00
  -3.4965468e+00
  -3.7414664e+00
  -3.9904627e+00
  -4.2431621e+00
  -4.4990987e+00
  -4.7577133e+00
  -5.0183529e+00
  -5.2802713e+00
  -5.5426323e+00
  -5.8045127e+00
  -6.0649082e+00
  -6.3227402e+00
  -6.5768641e+00
  -6.8260794e+00
  -7.0691404e+00
  -7.3047694e+00
  -7.5316696e+00
  -7.7485396e+00
  -7.9540883e+00
  -8.1470508e+00
  -8.3262034e+00
  -8.4903791e+00
  -8.6384831e+00
  -8.7695068e+00
  -8.8825411e+00
  -8.9767889e+00
  -9.0515759e+00
  -9.1063598e+00
  -9.1407375e+00
  -9.1544513e+00
  -9.1473915e+00
  -9.1195985e+00
  -9.0712618e+00
  -9.0027171e+00
  -8.9144413e+00
  -8.8070462e+00
  -8.6812694e+00
  -8.5379644e+00
  -8.3780885e+00
  -8.2026905e+00
  -8.0128967e+00
  -7.8098962e+00
  -7.5949263e+00
  -7.3692575e+00
  -7.1341783e+00
  -6.8909807e+00
  -6.6409460e+00
  -6.3853312e+00
  -6.1253568e+00
  -5.8621946e+00
  -5.5969576e+00
  -5.3306909e+00
  -5.0643629e+00
  -4.7988596e+00
  -4.5349786e+00
  -4.2734258e+00
  -4.0148125e+00
  -3.7596543e+00
  -3.5083711e+00
  -3.2612882e+00
  -3.0186385e+00
  -2.7805651e+00
  -2.5471256e+00
  -2.3182959e+00
  -2.0939760e+00
  -1.8739949e+00
  -1.6581172e+00
  -1.4460487e+00
  -1.2374429e+00
  -1.0319078e+00
  -8.2901188e-01
  -6.2829083e-01
  -4.2925360e-01
  -2.3138882e-01
  -3.4171007e-02
   1.6293309e-01
   3.6045810e-01
   5.5893353e-01
   7.5887705e-01
   9.6078770e-01
   1.1651390e+00
   1.3723719e+00
   1.5828882e+00
   1.7970434e+00
   2.0151404e+00
   2.2374232e+00
   2.4640707e+00
   2.6951916e+00
   2.9308186e+00
   3.1709045e+00
   3.4153176e+00
   3.6638382e+00
   3.9161566e+00
   4.1718703e+00
   4.4304834e+00
   4.6914066e+00
   4.9539580e+00
   5.2173658e+00
   5.4807716e+00
   5.7432354e+00
   6.0037422e+00
   6.2612094e+00
   6.5144957e+00
   6.7624119e+00
   7.0037311e+00
   7.2372022e+00
   7.4615621e+00
   7.6755495e+00
   7.8779190e+00
   8.0674556e+00
   8.2429884e+00
   8.4034050e+00
   8.5476647e+00
   8.6748122e+00
   8.7839887e+00
   8.8744438e+00
   8.9455449e+00
   8.9967859e+00
   9.0277937e+00
   9.0383337e+00
   9.0283129e+00
   8.9977816e+00
   8.9469328e+00
   8.8761000e+00
   8.7857525e+00
   8.6764900e+00
   8.5490340e+00
   8.4042188e+00
   8.2429805e+00
   8.0663445e+00
   7.8754132e+00
   7.6713511e+00
   7.4553711e+00
   7.2287195e+00
   6.9926618e+00
   6.7484678e+00
   6.4973980e+00
   6.2406903e+00
   5.9795474e+00
   5.7151251e+00
   5.4485220e+00
   5.1807698e+00
   4.9128253e+00
   4.6455634e+00
   4.3797711e+00
   4.1161431e+00
   3.8552786e+00
   3.5976793e+00
   3.3437486e+00
   3.0937918e+00
   2.8480182e+00
   2.6065429e+00
   2.3693914e+00
   2.1365033e+00
   1.9077385e+00
   1.6828831e+00
   1.4616567e+00
   1.2437195e+00
   1.0286805e+00
   8.1610568e-01
   6.0552652e-01
   3.9644814e-01
   1.8835783e-01
  -1.9266916e-02
  -2.2695043e-01
  -4.3521131e-01
  -6.4455515e-01
  -8.5546756e-01
  -1.0684076e+00
  -1.2838013e+00
  -1.5020356e+00
  -1.7234524e+00
  -1.9483426e+00
  -2.1769404e+00
  -2.4094178e+00
  -2.6458789e+00
  -2.8863552e+00
  -3.1307999e+00
  -3.3790840e+00
  -3.6309922e+00
  -3.8862191e+00
  -4.1443672e+00
  -4.4049451e+00
  -4.6673672e+00
  -4.9309545e+00
  -5.1949363e+00
  -5.4584541e+00
  -5.7205665e+00
  -5.9802552e+00
  -6.2364332e+00
  -6.4879543e+00
  -6.7336234e+00
  -6.9722091e+00
  -7.2024566e+00
  -7.4231014e+00
  -7.6328846e+00
  -7.8305672e+00
  -8.0149458e+00
  -8.1848678e+00
  -8.3392457e+00
  -8.4770712e+00
  -8.5974290e+00
  -8.6995078e+00
  -8.7826119e+00
  -8.8461700e+00
  -8.8897426e+00
  -8.9130278e+00
  -8.9158654e+00
  -8.8982382e+00
  -8.8602726e+00
  -8.8022361e+00
  -8.7245334e+00
  -8.6277007e+00
  -8.5123979e+00
  -8.3793999e+00
  -8.2295854e+00
  -8.0639257e+00
  -7.8834719e+00
  -7.6893410e+00
  -7.4827021e+00
  -7.2647620e+00
  -7.0367510e+00
  -6.7999081e+00
  -6.5554674e+00
  -6.3046447e+00
  -6.0486251e+00
  -5.7885508e+00
  -5.5255106e+00
  -5.2605306e+00
  -4.9945657e+00
  -4.7284927e+00
  -4.4631044e+00
  -4.1991058e+00
  -3.9371108e+00
  -3.6776403e+00
  -3.4211222e+00
  -3.1678915e+00
  -2.9181918e+00
  -2.6721782e+00
  -2.4299202e+00
  -2.1914059e+00
  -1.9565467e+00
  -1.7251827e+00
  -1.4970885e+00
  -1.2719796e+00
  -1.0495192e+00
  -8.2932559e-01
  -6.1097923e-01
  -3.9403061e-01
  -1.7800797e-01
   3.7574810e-02
   2.5321039e-01
   4.6939014e-01
   6.8659635e-01
   9.0529453e-01
   1.1259257e+00
   1.3488989e+00
   1.5745833e+00
   1.8033013e+00
   2.0353204e+00
   2.2708467e+00
   2.5100176e+00
   2.7528956e+00
   2.9994624e+00
   3.2496139e+00
   3.5031559e+00
   3.7598011e+00
   4.0191667e+00
   4.2807745e+00
   4.5440506e+00
   4.8083278e+00
   5.0728487e+00
   5.3367698e+00
   5.5991676e+00
   5.8590451e+00
   6.1153398e+00
   6.3669326e+00
   6.6126581e+00
   6.8513156e+00
   7.0816816e+00
   7.3025220e+00
   7.5126065e+00
   7.7107219e+00
   7.8956872e+00
   8.0663672e+00
   8.2216877e+00
   8.3606486e+00
   8.4823374e+00
   8.5859413e+00
   8.6707584e+00
   8.7362066e+00
   8.7818323e+00
   8.8073159e+00
   8.8124765e+00
   8.7972740e+00
   8.7618095e+00
   8.7063238e+00
   8.6311938e+00
   8.5369269e+00
   8.4241545e+00
   8.2936226e+00
   8.1461824e+00
   7.9827782e+00
   7.8044357e+00
   7.6122480e+00
   7.4073617e+00
   7.1909632e+00
   6.9642634e+00
   6.7284842e+00
   6.4848441e+00
   6.2345453e+00
   5.9787610e+00
   5.7186234e+00
   5.4552137e+00
   5.1895521e+00
   4.9225897e+00
   4.6552016e+00
   4.3881807e+00
   4.1222334e+00
   3.8579757e+00
   3.5959313e+00
   3.3365298e+00
   3.0801070e+00
   2.8269056e+00
   2.5770772e+00
   2.3306855e+00
   2.0877102e+00
   1.8480517e+00
   1.6115372e+00
   1.3779269e+00
   1.1469215e+00
   9.1816976e-01
   6.9127722e-01
   4.6581484e-01
   2.4132819e-01
   1.7346783e-02
  -2.0660649e-01
  -4.3100602e-01
  -6.5631423e-01
  -8.8297265e-01
  -1.1113933e+00
  -1.3419505e+00
  -1.5749732e+00
  -1.8107379e+00
  -2.0494618e+00
  -2.2912970e+00
  -2.5363249e+00
  -2.7845515e+00
  -3.0359033e+00
  -3.2902241e+00
  -3.5472718e+00
  -3.8067173e+00
  -4.0681430e+00
  -4.3310425e+00
  -4.5948217e+00
  -4.8588005e+00
  -5.1222155e+00
  -5.3842237e+00
  -5.6439082e+00
  -5.9002842e+00
  -6.1523067e+00
  -6.3988794e+00
  -6.6388646e+00
  -6.8710943e+00
  -7.0943824e+00
  -7.3075370e+00
  -7.5093745e+00
  -7.6987329e+00
  -7.8744859e+00
  -8.0355577e+00
  -8.1809357e+00
  -8.3096850e+00
  -8.4209597e+00
  -8.5140152e+00
  -8.5882181e+00
  -8.6430547e+00
  -8.6781386e+00
  -8.6932156e+00
  -8.6881681e+00
  -8.6630164e+00
  -8.6179183e+00
  -8.5531677e+00
  -8.4691903e+00
  -8.3665373e+00
  -8.2458788e+00
  -8.1079937e+00
  -7.9537597e+00
  -7.7841411e+00
  -7.6001761e+00
  -7.4029638e+00
  -7.1936494e+00
  -6.9734109e+00
  -6.7434445e+00
  -6.5049513e+00
  -6.2591233e+00
  -6.0071311e+00
  -5.7501115e+00
  -5.4891564e+00
  -5.2253026e+00
  -4.9595227e+00
  -4.6927171e+00
  -4.4257071e+00
  -4.1592291e+00
  -3.8939303e+00
  -3.6303656e+00
  -3.3689953e+00
  -3.1101846e+00
  -2.8542044e+00
  -2.6012328e+00
  -2.3513582e+00
  -2.1045839e+00
  -1.8608333e+00
  -1.6199559e+00
  -1.3817345e+00
  -1.1458933e+00
  -9.1210552e-01
  -6.8000276e-01
  -4.4918339e-01
  -2.1922199e-01
   1.0321490e-02
   2.3989251e-01
   4.6993275e-01
   7.0087111e-01
   9.3311488e-01
   1.1670412e+00
   1.4029887e+00
   1.6412500e+00
   1.8820641e+00
   2.1256094e+00
   2.3719980e+00
   2.6212695e+00
   2.8733863e+00
   3.1282297e+00
   3.3855959e+00
   3.6451939e+00
   3.9066438e+00
   4.1694762e+00
   4.4331326e+00
   4.6969669e+00
   4.9602485e+00
   5.2221663e+00
   5.4818340e+00
   5.7382966e+00
   5.9905384e+00
   6.2374921e+00
   6.4780485e+00
   6.7110679e+00
   6.9353918e+00
   7.1498554e+00
   7.3533002e+00
   7.5445880e+00
   7.7226135e+00
   7.8863180e+00
   8.0347026e+00
   8.1668402e+00
   8.2818878e+00
   8.3790971e+00
   8.4578249e+00
   8.5175413e+00
   8.5578372e+00
   8.5784296e+00
   8.5791665e+00
   8.5600279e+00
   8.5211275e+00
   8.4627103e+00
   8.3851499e+00
   8.2889434e+00
   8.1747048e+00
   8.0431570e+00
   7.8951215e+00
   7.7315083e+00
   7.5533033e+00
   7.3615559e+00
   7.1573654e+00
   6.9418675e+00
   6.7162210e+00
   6.4815936e+00
   6.2391493e+00
   5.9900355e+00
   5.7353711e+00
   5.4762354e+00
   5.2136576e+00
   4.9486077e+00
   4.6819884e+00
   4.4146280e+00
   4.1472746e+00
   3.8805913e+00
   3.6151527e+00
   3.3514426e+00
   3.0898524e+00
   2.8306818e+00
   2.5741390e+00
   2.3203438e+00
   2.0693306e+00
   1.8210528e+00
   1.5753884e+00
   1.3321464e+00
   1.0910746e+00
   8.5186712e-01
   6.1417432e-01
   3.7761172e-01
   1.4177031e-01
  -9.3773247e-02
  -3.2944627e-01
  -5.6566978e-01
  -8.0284845e-01
  -1.0413608e+00
  -1.2815500e+00
  -1.5237149e+00
  -1.7681023e+00
  -2.0148990e+00
  -2.2642256e+00
  -2.5161305e+00
  -2.7705849e+00
  -3.0274786e+00
  -3.2866170e+00
  -3.5477185e+00
  -3.8104131e+00
  -4.0742422e+00
  -4.3386591e+00
  -4.6030307e+00
  -4.8666404e+00
  -5.1286923e+00
  -5.3883162e+00
  -5.6445746e+00
  -5.8964697e+00
  -6.1429525e+00
  -6.3829323e+00
  -6.6152879e+00
  -6.8388788e+00
  -7.0525578e+00
  -7.2551838e+00
  -7.4456352e+00
  -7.6228236e+00
  -7.7857066e+00
  -7.9333012e+00
  -8.0646963e+00
  -8.1790644e+00
  -8.2756727e+00
  -8.3538925e+00
  -8.4132080e+00
  -8.4532236e+00
  -8.4736685e+00
  -8.4744013e+00
  -8.4554118e+00
  -8.4168206e+00
  -8.3588782e+00
  -8.2819611e+00
  -8.1865667e+00
  -8.0733067e+00
  -7.9428985e+00
  -7.7961560e+00
  -7.6339784e+00
  -7.4573386e+00
  -7.2672707e+00
  -7.0648568e+00
  -6.8512132e+00
  -6.6274775e+00
  -6.3947946e+00
  -6.1543037e+00
  -5.9071258e+00
  -5.6543515e+00
  -5.3970300e+00
  -5.1361591e+00
  -4.8726761e+00
  -4.6074502e+00
  -4.3412757e+00
  -4.0748672e+00
  -3.8088554e+00
  -3.5437844e+00
  -3.2801101e+00
  -3.0182001e+00
  -2.7583339e+00
  -2.5007049e+00
  -2.2454233e+00
  -1.9925194e+00
  -1.7419486e+00
  -1.4935967e+00
  -1.2472863e+00
  -1.0027842e+00
  -7.5980883e-01
  -5.1803903e-01
  -2.7712303e-01
  -3.6687939e-02
   2.0365030e-01
   4.4427691e-01
   6.8556808e-01
   9.2788098e-01
   1.1715440e+00
   1.4168474e+00
   1.6640347e+00
   1.9132942e+00
   2.1647524e+00
   2.4184667e+00
   2.6744204e+00
   2.9325179e+00
   3.1925807e+00
   3.4543451e+00
   3.7174600e+00
   3.9814863e+00
   4.2458976e+00
   4.5100813e+00
   4.7733415e+00
   5.0349030e+00
   5.2939162e+00
   5.5494637e+00
   5.8005678e+00
   6.0461992e+00
   6.2852873e+00
   6.5167302e+00
   6.7394073e+00
   6.9521910e+00
   7.1539601e+00
   7.3436126e+00
   7.5200795e+00
   7.6823372e+00
   7.8294210e+00
   7.9604369e+00
   8.0745735e+00
   8.1711120e+00
   8.2494360e+00
   8.3090396e+00
   8.3495340e+00
   8.3706530e+00
   8.3722561e+00
   8.3543308e+00
   8.3169921e+00
   8.2604812e+00
   8.1851620e+00
   8.0915158e+00
   7.9801351e+00
   7.8517152e+00
   7.7070451e+00
   7.5469971e+00
   7.3725153e+00
   7.1846037e+00
   6.9843138e+00
   6.7727309e+00
   6.5509619e+00
   6.3201216e+00
   6.0813207e+00
   5.8356529e+00
   5.5841840e+00
   5.3279406e+00
   5.0679011e+00
   4.8049859e+00
   4.5400507e+00
   4.2738792e+00
   4.0071780e+00
   3.7405724e+00
   3.4746033e+00
   3.2097255e+00
   2.9463068e+00
   2.6846287e+00
   2.4248881e+00
   2.1671999e+00
   1.9116010e+00
   1.6580548e+00
   1.4064571e+00
   1.1566429e+00
   9.0839347e-01
   6.6144489e-01
   4.1549656e-01
   1.7022064e-01
  -7.4728285e-02
  -3.1970318e-01
  -5.6505446e-01
  -8.1111984e-01
  -1.0582144e+00
  -1.3066208e+00
  -1.5565800e+00
  -1.8082828e+00
  -2.0618615e+00
  -2.3173828e+00
  -2.5748420e+00
  -2.8341571e+00
  -3.0951650e+00
  -3.3576186e+00
  -3.6211844e+00
  -3.8854421e+00
  -4.1498846e+00
  -4.4139197e+00
  -4.6768731e+00
  -4.9379915e+00
  -5.1964484e+00
  -5.4513498e+00
  -5.7017418e+00
  -5.9466191e+00
  -6.1849343e+00
  -6.4156089e+00
  -6.6375444e+00
  -6.8496347e+00
  -7.0507785e+00
  -7.2398927e+00
  -7.4159250e+00
  -7.5778676e+00
  -7.7247694e+00
  -7.8557483e+00
  -7.9700028e+00
  -8.0668224e+00
  -8.1455965e+00
  -8.2058231e+00
  -8.2471148e+00
  -8.2692042e+00
  -8.2719472e+00
  -8.2553249e+00
  -8.2194436e+00
  -8.1645333e+00
  -8.0909445e+00
  -7.9991433e+00
  -7.8897052e+00
  -7.7633072e+00
  -7.6207189e+00
  -7.4627920e+00
  -7.2904497e+00
  -7.1046746e+00
  -6.9064963e+00
  -6.6969790e+00
  -6.4772086e+00
  -6.2482801e+00
  -6.0112850e+00
  -5.7672995e+00
  -5.5173733e+00
  -5.2625186e+00
  -5.0037006e+00
  -4.7418286e+00
  -4.4777481e+00
  -4.2122342e+00
  -3.9459859e+00
  -3.6796215e+00
  -3.4136756e+00
  -3.1485965e+00
  -2.8847458e+00
  -2.6223989e+00
  -2.3617460e+00
  -2.1028959e+00
  -1.8458794e+00
  -1.5906549e+00
  -1.3371144e+00
  -1.0850914e+00
  -8.3436865e-01
  -5.8468755e-01
  -3.3575764e-01
  -8.7266769e-02
   1.6110857e-01
   4.0969276e-01
   6.5880072e-01
   9.0872784e-01
   1.1597404e+00
   1.4120663e+00
   1.6658869e+00
   1.9213291e+00
   2.1784588e+00
   2.4372744e+00
   2.6977018e+00
   2.9595902e+00
   3.2227088e+00
   3.4867443e+00
   3.7512998e+00
   4.0158947e+00
   4.2799652e+00
   4.5428673e+00
   4.8038793e+00
   5.0622073e+00
   5.3169907e+00
   5.5673093e+00
   5.8121917e+00
   6.0506245e+00
   6.2815625e+00
   6.5039394e+00
   6.7166797e+00
   6.9187109e+00
   7.1089754e+00
   7.2864436e+00
   7.4501260e+00
   7.5990856e+00
   7.7324497e+00
   7.8494210e+00
   7.9492878e+00
   8.0314333e+00
   8.0953435e+00
   8.1406143e+00
   8.1669563e+00
   8.1741990e+00
   8.1622927e+00
   8.1313092e+00
   8.0814412e+00
   8.0129989e+00
   7.9264068e+00
   7.8221972e+00
   7.7010036e+00
   7.5635524e+00
   7.4106530e+00
   7.2431881e+00
   7.0621019e+00
   6.8683884e+00
   6.6630792e+00
   6.4472311e+00
   6.2219136e+00
   5.9881966e+00
   5.7471384e+00
   5.4997744e+00
   5.2471064e+00
   4.9900922e+00
   4.7296369e+00
   4.4665849e+00
   4.2017127e+00
   3.9357232e+00
   3.6692415e+00
   3.4028116e+00
   3.1368941e+00
   2.8718658e+00
   2.6080203e+00
   2.3455690e+00
   2.0846445e+00
   1.8253040e+00
   1.5675343e+00
   1.3112581e+00
   1.0563400e+00
   8.0259493e-01
   5.4979621e-01
   2.9768462e-01
   4.5978130e-02
  -2.0561804e-01
  -4.5740115e-01
  -7.0966045e-01
  -9.6266680e-01
  -1.2166624e+00
  -1.4718512e+00
  -1.7283892e+00
  -1.9863764e+00
  -2.2458491e+00
  -2.5067733e+00
  -2.7690392e+00
  -3.0324573e+00
  -3.2967553e+00
  -3.5615764e+00
  -3.8264788e+00
  -4.0909373e+00
  -4.3543448e+00
  -4.6160159e+00
  -4.8751919e+00
  -5.1310463e+00
  -5.3826919e+00
  -5.6291886e+00
  -5.8695521e+00
  -6.1027642e+00
  -6.3277829e+00
  -6.5435536e+00
  -6.7490210e+00
  -6.9431409e+00
  -7.1248923e+00
  -7.2932898e+00
  -7.4473953e+00
  -7.5863297e+00
  -7.7092837e+00
  -7.8155282e+00
  -7.9044235e+00
  -7.9754278e+00
  -8.0281040e+00
  -8.0621254e+00
  -8.0772803e+00
  -8.0734747e+00
  -8.0507336e+00
  -8.0092003e+00
  -7.9491352e+00
  -7.8709116e+00
  -7.7750114e+00
  -7.6620180e+00
  -7.5326089e+00
  -7.3875469e+00
  -7.2276701e+00
  -7.0538808e+00
  -6.8671349e+00
  -6.6684291e+00
  -6.4587895e+00
  -6.2392584e+00
  -6.0108830e+00
  -5.7747026e+00
  -5.5317376e+00
  -5.2829785e+00
  -5.0293760e+00
  -4.7718315e+00
  -4.5111897e+00
  -4.2482311e+00
  -3.9836663e+00
  -3.7181314e+00
  -3.4521844e+00
  -3.1863029e+00
  -2.9208834e+00
  -2.6562409e+00
  -2.3926109e+00
  -2.1301517e+00
  -1.8689483e+00
  -1.6090170e+00
  -1.3503118e+00
  -1.0927308e+00
  -8.3612437e-01
  -5.8030324e-01
  -3.2504789e-01
  -7.0118053e-02
   1.8473733e-01
   4.3977008e-01
   6.9522270e-01
   9.5131857e-01
   1.2082525e+00
   1.4661816e+00
   1.7252175e+00
   1.9854182e+00
   2.2467820e+00
   2.5092416e+00
   2.7726593e+00
   3.0368235e+00
   3.3014458e+00
   3.5661597e+00
   3.8305196e+00
   4.0940019e+00
   4.3560063e+00
   4.6158592e+00
   4.8728175e+00
   5.1260739e+00
   5.3747635e+00
   5.6179712e+00
   5.8547399e+00
   6.0840805e+00
   6.3049812e+00
   6.5164190e+00
   6.7173705e+00
   6.9068237e+00
   7.0837897e+00
   7.2473144e+00
   7.3964905e+00
   7.5304682e+00
   7.6484667e+00
   7.7497835e+00
   7.8338043e+00
   7.9000108e+00
   7.9479880e+00
   7.9774295e+00
   7.9881419e+00
   7.9800478e+00
   7.9531867e+00
   7.9077145e+00
   7.8439015e+00
   7.7621292e+00
   7.6628850e+00
   7.5467557e+00
   7.4144199e+00
   7.2666395e+00
   7.1042493e+00
   6.9281467e+00
   6.7392803e+00
   6.5386382e+00
   6.3272357e+00
   6.1061032e+00
   5.8762740e+00
   5.6387729e+00
   5.3946045e+00
   5.1447428e+00
   4.8901213e+00
   4.6316239e+00
   4.3700773e+00
   4.1062439e+00
   3.8408163e+00
   3.5744129e+00
   3.3075744e+00
   3.0407624e+00
   2.7743585e+00
   2.5086649e+00
   2.2439067e+00
   1.9802341e+00
   1.7177272e+00
   1.4564008e+00
   1.1962102e+00
   9.3705815e-01
   6.7880257e-01
   4.2126459e-01
   1.6423748e-01
  -9.2503997e-02
  -3.4919385e-01
  -6.0606490e-01
  -8.6333871e-01
  -1.1212155e+00
  -1.3798646e+00
  -1.6394146e+00
  -1.8999450e+00
  -2.1614780e+00
  -2.4239714e+00
  -2.6873123e+00
  -2.9513125e+00
  -3.2157047e+00
  -3.4801404e+00
  -3.7441887e+00
  -4.0073374e+00
  -4.2689942e+00
  -4.5284908e+00
  -4.7850870e+00
  -5.0379768e+00
  -5.2862952e+00
  -5.5291265e+00
  -5.7655126e+00
  -5.9944636e+00
  -6.2149676e+00
  -6.4260019e+00
  -6.6265450e+00
  -6.8155876e+00
  -6.9921450e+00
  -7.1552690e+00
  -7.3040593e+00
  -7.4376749e+00
  -7.5553447e+00
  -7.6563775e+00
  -7.7401711e+00
  -7.8062201e+00
  -7.8541226e+00
  -7.8835858e+00
  -7.8944298e+00
  -7.8865899e+00
  -7.8601179e+00
  -7.8151810e+00
  -7.7520593e+00
  -7.6711426e+00
  -7.5729242e+00
  -7.4579950e+00
  -7.3270349e+00
  -7.1808039e+00
  -7.0201321e+00
  -6.8459093e+00
  -6.6590726e+00
  -6.4605959e+00
  -6.2514768e+00
  -6.0327255e+00
  -5.8053523e+00
  -5.5703568e+00
  -5.3287167e+00
  -5.0813773e+00
  -4.8292424e+00
  -4.5731655e+00
  -4.3139422e+00
  -4.0523036e+00
  -3.7889112e+00
  -3.5243526e+00
  -3.2591388e+00
  -2.9937031e+00
  -2.7284002e+00
  -2.4635084e+00
  -2.1992312e+00
  -1.9357017e+00
  -1.6729867e+00
  -1.4110933e+00
  -1.1499752e+00
  -8.8954071e-01
  -6.2966082e-01
  -3.7017825e-01
  -1.1091660e-01
   1.4831022e-01
   4.0768853e-01
   6.6739553e-01
   9.2759030e-01
   1.1884052e+00
   1.4499376e+00
   1.7122428e+00
   1.9753268e+00
   2.2391406e+00
   2.5035744e+00
   2.7684533e+00
   3.0335333e+00
   3.2984989e+00
   3.5629607e+00
   3.8264550e+00
   4.0884443e+00
   4.3483185e+00
   4.6053982e+00
   4.8589385e+00
   5.1081344e+00
   5.3521269e+00
   5.5900109e+00
   5.8208437e+00
   6.0436542e+00
   6.2574535e+00
   6.4612460e+00
   6.6540407e+00
   6.8348631e+00
   7.0027672e+00
   7.1568476e+00
   7.2962504e+00
   7.4201851e+00
   7.5279345e+00
   7.6188640e+00
   7.6924309e+00
   7.7481909e+00
   7.7858044e+00
   7.8050410e+00
   7.8057826e+00
   7.7880250e+00
   7.7518775e+00
   7.6975612e+00
   7.6254065e+00
   7.5358477e+00
   7.4294177e+00
   7.3067403e+00
   7.1685222e+00
   7.0155435e+00
   6.8486475e+00
   6.6687301e+00
   6.4767284e+00
   6.2736090e+00
   6.0603564e+00
   5.8379612e+00
   5.6074090e+00
   5.3696690e+00
   5.1256841e+00
   4.8763612e+00
   4.6225623e+00
   4.3650971e+00
   4.1047158e+00
   3.8421040e+00
   3.5778779e+00
   3.3125818e+00
   3.0466856e+00
   2.7805848e+00
   2.5146007e+00
   2.2489824e+00
   1.9839098e+00
   1.7194977e+00
   1.4558004e+00
   1.1928182e+00
   9.3050343e-01
   6.6876801e-01
   4.0749157e-01
   1.4652981e-01
  -1.1427658e-01
  -3.7509266e-01
  -6.3607994e-01
  -8.9738686e-01
  -1.1591396e+00
  -1.4214329e+00
  -1.6843218e+00
  -1.9478132e+00
  -2.2118592e+00
  -2.4763503e+00
  -2.7411106e+00
  -3.0058933e+00
  -3.2703782e+00
  -3.5341699e+00
  -3.7967978e+00
  -4.0577167e+00
  -4.3163096e+00
  -4.5718912e+00
  -4.8237127e+00
  -5.0709673e+00
  -5.3127978e+00
  -5.5483043e+00
  -5.7765530e+00
  -5.9965859e+00
  -6.2074309e+00
  -6.4081131e+00
  -6.5976654e+00
  -6.7751403e+00
  -6.9396211e+00
  -7.0902334e+00
  -7.2261557e+00
  -7.3466301e+00
  -7.4509721e+00
  -7.5385791e+00
  -7.6089390e+00
  -7.6616362e+00
  -7.6963581e+00
  -7.7128983e+00
  -7.7111601e+00
  -7.6911573e+00
  -7.6530141e+00
  -7.5969633e+00
  -7.5233433e+00
  -7.4325931e+00
  -7.3252466e+00
  -7.2019255e+00
  -7.0633311e+00
  -6.9102350e+00
  -6.7434694e+00
  -6.5639160e+00
  -6.3724955e+00
  -6.1701554e+00
  -5.9578592e+00
  -5.7365743e+00
  -5.5072611e+00
  -5.2708618e+00
  -5.0282906e+00
  -4.7804239e+00
  -4.5280919e+00
  -4.2720710e+00
  -4.0130777e+00
  -3.7517631e+00
  -3.4887096e+00
  -3.2244278e+00
  -2.9593560e+00
  -2.6938596e+00
  -2.4282332e+00
  -2.1627028e+00
  -1.8974297e+00
  -1.6325154e+00
  -1.3680071e+00
  -1.1039047e+00
  -8.4016754e-01
  -5.7672295e-01
  -3.1347427e-01
  -5.0309615e-02
   2.1288925e-01
   4.7623813e-01
   7.3984167e-01
   1.0037850e+00
   1.2681258e+00
   1.5328867e+00
   1.7980486e+00
   2.0635444e+00
   2.3292537e+00
   2.5949983e+00
   2.8605381e+00
   3.1255687e+00
   3.3897188e+00
   3.6525500e+00
   3.9135563e+00
   4.1721657e+00
   4.4277422e+00
   4.6795894e+00
   4.9269549e+00
   5.1690358e+00
   5.4049856e+00
   5.6339215e+00
   5.8549332e+00
   6.0670916e+00
   6.2694593e+00
   6.4611004e+00
   6.6410917e+00
   6.8085333e+00
   6.9625594e+00
   7.1023496e+00
   7.2271387e+00
   7.3362273e+00
   7.4289905e+00
   7.5048870e+00
   7.5634658e+00
   7.6043730e+00
   7.6273569e+00
   7.6322709e+00
   7.6190762e+00
   7.5878423e+00
   7.5387459e+00
   7.4720688e+00
   7.3881939e+00
   7.2876002e+00
   7.1708563e+00
   7.0386128e+00
   6.8915942e+00
   6.7305889e+00
   6.5564395e+00
   6.3700321e+00
   6.1722854e+00
   5.9641392e+00
   5.7465439e+00
   5.5204488e+00
   5.2867919e+00
   5.0464897e+00
   4.8004271e+00
   4.5494496e+00
   4.2943550e+00
   4.0358869e+00
   3.7747291e+00
   3.5115015e+00
   3.2467566e+00
   2.9809778e+00
   2.7145784e+00
   2.4479021e+00
   2.1812247e+00
   1.9147565e+00
   1.6486463e+00
   1.3829858e+00
   1.1178152e+00
   8.5312976e-01
   5.8888676e-01
   3.2501315e-01
   6.1413795e-02
  -2.0201993e-01
  -4.6540121e-01
  -7.2883871e-01
  -9.9242743e-01
  -1.2562396e+00
  -1.5203161e+00
  -1.7846579e+00
  -2.0492185e+00
  -2.3138971e+00
  -2.5785327e+00
  -2.8428990e+00
  -3.1067009e+00
  -3.3695720e+00
  -3.6310741e+00
  -3.8906973e+00
  -4.1478617e+00
  -4.4019210e+00
  -4.6521661e+00
  -4.8978311e+00
  -5.1380994e+00
  -5.3721110e+00
  -5.5989712e+00
  -5.8177596e+00
  -6.0275395e+00
  -6.2273690e+00
  -6.4163107e+00
  -6.5934438e+00
  -6.7578742e+00
  -6.9087462e+00
  -7.0452529e+00
  -7.1666466e+00
  -7.2722486e+00
  -7.3614578e+00
  -7.4337593e+00
  -7.4887305e+00
  -7.5260475e+00
  -7.5454888e+00
  -7.5469387e+00
  -7.5303888e+00
  -7.4959375e+00
  -7.4437895e+00
  -7.3742523e+00
  -7.2877320e+00
  -7.1847285e+00
  -7.0658276e+00
  -6.9316943e+00
  -6.7830630e+00
  -6.6207284e+00
  -6.4455349e+00
  -6.2583662e+00
  -6.0601343e+00
  -5.8517681e+00
  -5.6342030e+00
  -5.4083697e+00
  -5.1751842e+00
  -4.9355380e+00
  -4.6902890e+00
  -4.4402534e+00
  -4.1861985e+00
  -3.9288366e+00
  -3.6688196e+00
  -3.4067350e+00
  -3.1431039e+00
  -2.8783784e+00
  -2.6129423e+00
  -2.3471116e+00
  -2.0811367e+00
  -1.8152058e+00
  -1.5494494e+00
  -1.2839453e+00
  -1.0187254e+00
  -7.5378226e-01
  -4.8907696e-01
  -2.2454732e-01
   3.9883663e-02
   3.0429900e-01
   5.6877894e-01
   8.3339233e-01
   1.0981881e+00
   1.3631873e+00
   1.6283754e+00
   1.8936955e+00
   2.1590418e+00
   2.4242543e+00
   2.6891140e+00
   2.9533393e+00
   3.2165835e+00
   3.4784332e+00
   3.7384077e+00
   3.9959601e+00
   4.2504789e+00
   4.5012917e+00
   4.7476689e+00
   4.9888295e+00
   5.2239480e+00
   5.4521615e+00
   5.6725786e+00
   5.8842887e+00
   6.0863719e+00
   6.2779094e+00
   6.4579948e+00
   6.6257445e+00
   6.7803088e+00
   6.9208831e+00
   7.0467173e+00
   7.1571263e+00
   7.2514987e+00
   7.3293043e+00
   7.3901018e+00
   7.4335438e+00
   7.4593816e+00
   7.4674680e+00
   7.4577595e+00
   7.4303162e+00
   7.3853011e+00
   7.3229776e+00
   7.2437057e+00
   7.1479373e+00
   7.0362096e+00
   6.9091380e+00
   6.7674077e+00
   6.6117650e+00
   6.4430074e+00
   6.2619738e+00
   6.0695339e+00
   5.8665780e+00
   5.6540063e+00
   5.4327193e+00
   5.2036077e+00
   4.9675432e+00
   4.7253700e+00
   4.4778974e+00
   4.2258926e+00
   3.9700745e+00
   3.7111090e+00
   3.4496048e+00
   3.1861101e+00
   2.9211108e+00
   2.6550295e+00
   2.3882258e+00
   2.1209972e+00
   1.8535819e+00
   1.5861617e+00
   1.3188668e+00
   1.0517803e+00
   7.8494496e-01
   5.1836923e-01
   2.5203485e-01
  -1.4095516e-02
  -2.8007012e-01
  -5.4593967e-01
  -8.1174871e-01
  -1.0775270e+00
  -1.3432811e+00
  -1.6089861e+00
  -1.8745782e+00
  -2.1399474e+00
  -2.4049320e+00
  -2.6693127e+00
  -2.9328091e+00
  -3.1950767e+00
  -3.4557057e+00
  -3.7142199e+00
  -3.9700786e+00
  -4.2226782e+00
  -4.4713559e+00
  -4.7153940e+00
  -4.9540255e+00
  -5.1864411e+00
  -5.4117964e+00
  -5.6292203e+00
  -5.8378243e+00
  -6.0367123e+00
  -6.2249901e+00
  -6.4017764e+00
  -6.5662128e+00
  -6.7174747e+00
  -6.8547812e+00
  -6.9774052e+00
  -7.0846829e+00
  -7.1760225e+00
  -7.2509121e+00
  -7.3089264e+00
  -7.3497333e+00
  -7.3730976e+00
  -7.3788850e+00
  -7.3670636e+00
  -7.3377044e+00
  -7.2909805e+00
  -7.2271643e+00
  -7.1466241e+00
  -7.0498185e+00
  -6.9372904e+00
  -6.8096593e+00
  -6.6676133e+00
  -6.5118995e+00
  -6.3433148e+00
  -6.1626953e+00
  -5.9709060e+00
  -5.7688301e+00
  -5.5573584e+00
  -5.3373794e+00
  -5.1097686e+00
  -4.8753797e+00
  -4.6350359e+00
  -4.3895217e+00
  -4.1395764e+00
  -3.8858883e+00
  -3.6290897e+00
  -3.3697534e+00
  -3.1083908e+00
  -2.8454499e+00
  -2.5813161e+00
  -2.3163129e+00
  -2.0507044e+00
  -1.7846982e+00
  -1.5184506e+00
  -1.2520705e+00
  -9.8562678e-01
  -7.1915388e-01
  -4.5265988e-01
  -1.8613401e-01
   8.0445073e-02
   3.4710103e-01
   6.1385147e-01
   8.8069979e-01
   1.1476273e+00
   1.4145860e+00
   1.6814914e+00
   1.9482169e+00
   2.2145882e+00
   2.4803791e+00
   2.7453076e+00
   3.0090341e+00
   3.2711590e+00
   3.5312228e+00
   3.7887064e+00
   4.0430322e+00
   4.2935671e+00
   4.5396260e+00
   4.7804763e+00
   5.0153436e+00
   5.2434184e+00
   5.4638634e+00
   5.6758214e+00
   5.8784244e+00
   6.0708028e+00
   6.2520946e+00
   6.4214557e+00
   6.5780698e+00
   6.7211582e+00
   6.8499897e+00
   6.9638899e+00
   7.0622496e+00
   7.1445333e+00
   7.2102859e+00
   7.2591391e+00
   7.2908164e+00
   7.3051368e+00
   7.3020175e+00
   7.2814747e+00
   7.2436237e+00
   7.1886776e+00
   7.1169439e+00
   7.0288209e+00
   6.9247920e+00
   6.8054197e+00
   6.6713378e+00
   6.5232431e+00
   6.3618867e+00
   6.1880643e+00
   6.0026065e+00
   5.8063684e+00
   5.6002196e+00
   5.3850345e+00
   5.1616823e+00
   4.9310177e+00
   4.6938726e+00
   4.4510480e+00
   4.2033064e+00
   3.9513662e+00
   3.6958958e+00
   3.4375095e+00
   3.1767641e+00
   2.9141561e+00
   2.6501211e+00
   2.3850331e+00
   2.1192059e+00
   1.8528948e+00
   1.5863005e+00
   1.3195729e+00
   1.0528169e+00
   7.8609838e-01
   5.1945148e-01
   2.5288603e-01
  -1.3604337e-02
  -2.8003389e-01
  -5.4641636e-01
  -8.1275665e-01
  -1.0790426e+00
  -1.3452370e+00
  -1.6112702e+00
  -1.8770331e+00
  -2.1423710e+00
  -2.4070779e+00
  -2.6708920e+00
  -2.9334927e+00
  -3.1944977e+00
  -3.4534625e+00
  -3.7098801e+00
  -3.9631827e+00
  -4.2127445e+00
  -4.4578853e+00
  -4.6978759e+00
  -4.9319440e+00
  -5.1592816e+00
  -5.3790524e+00
  -5.5904006e+00
  -5.7924603e+00
  -5.9843647e+00
  -6.1652561e+00
  -6.3342962e+00
  -6.4906757e+00
  -6.6336244e+00
  -6.7624204e+00
  -6.8763992e+00
  -6.9749622e+00
  -7.0575836e+00
  -7.1238179e+00
  -7.1733050e+00
  -7.2057752e+00
  -7.2210526e+00
  -7.2190576e+00
  -7.1998076e+00
  -7.1634171e+00
  -7.1100960e+00
  -7.0401467e+00
  -6.9539601e+00
  -6.8520102e+00
  -6.7348482e+00
  -6.6030950e+00
  -6.4574334e+00
  -6.2985990e+00
  -6.1273715e+00
  -5.9445647e+00
  -5.7510166e+00
  -5.5475796e+00
  -5.3351109e+00
  -5.1144624e+00
  -4.8864716e+00
  -4.6519533e+00
  -4.4116910e+00
  -4.1664302e+00
  -3.9168719e+00
  -3.6636673e+00
  -3.4074137e+00
  -3.1486511e+00
  -2.8878604e+00
  -2.6254629e+00
  -2.3618200e+00
  -2.0972355e+00
  -1.8319576e+00
  -1.5661831e+00
  -1.3000623e+00
  -1.0337039e+00
  -7.6718213e-01
  -5.0054330e-01
  -2.3381359e-01
   3.2993121e-02
   2.9986707e-01
   5.6679445e-01
   8.3374926e-01
   1.1006855e+00
   1.3675297e+00
   1.6341741e+00
   1.9004703e+00
   2.1662234e+00
   2.4311881e+00
   2.6950643e+00
   2.9574949e+00
   3.2180643e+00
   3.4762982e+00
   3.7316647e+00
   3.9835763e+00
   4.2313932e+00
   4.4744275e+00
   4.7119483e+00
   4.9431875e+00
   5.1673467e+00
   5.3836047e+00
   5.5911253e+00
   5.7890658e+00
   5.9765861e+00
   6.1528580e+00
   6.3170741e+00
   6.4684576e+00
   6.6062713e+00
   6.7298268e+00
   6.8384926e+00
   6.9317027e+00
   7.0089635e+00
   7.0698605e+00
   7.1140636e+00
   7.1413319e+00
   7.1515165e+00
   7.1445626e+00
   7.1205107e+00
   7.0794953e+00
   7.0217439e+00
   6.9475741e+00
   6.8573889e+00
   6.7516722e+00
   6.6309826e+00
   6.4959458e+00
   6.3472472e+00
   6.1856228e+00
   6.0118499e+00
   5.8267378e+00
   5.6311176e+00
   5.4258324e+00
   5.2117272e+00
   4.9896400e+00
   4.7603924e+00
   4.5247815e+00
   4.2835727e+00
   4.0374923e+00
   3.7872227e+00
   3.5333971e+00
   3.2765964e+00
   3.0173461e+00
   2.7561154e+00
   2.4933165e+00
   2.2293054e+00
   1.9643834e+00
   1.6988001e+00
   1.4327565e+00
   1.1664099e+00
   8.9987927e-01
   6.3325082e-01
   3.6658521e-01
   9.9924588e-02
  -1.6669974e-01
  -4.3325937e-01
  -6.9972080e-01
  -9.6603742e-01
  -1.2321418e+00
  -1.4979382e+00
  -1.7632959e+00
  -2.0280429e+00
  -2.2919608e+00
  -2.5547804e+00
  -2.8161786e+00
  -3.0757759e+00
  -3.3331358e+00
  -3.5877646e+00
  -3.8391125e+00
  -4.0865762e+00
  -4.3295021e+00
  -4.5671909e+00
  -4.7989028e+00
  -5.0238641e+00
  -5.2412746e+00
  -5.4503150e+00
  -5.6501558e+00
  -5.8399662e+00
  -6.0189234e+00
  -6.1862216e+00
  -6.3410823e+00
  -6.4827631e+00
  -6.6105670e+00
  -6.7238512e+00
  -6.8220348e+00
  -6.9046070e+00
  -6.9711328e+00
  -7.0212592e+00
  -7.0547192e+00
  -7.0713358e+00
  -7.0710233e+00
  -7.0537892e+00
  -7.0197330e+00
  -6.9690453e+00
  -6.9020046e+00
  -6.8189739e+00
  -6.7203952e+00
  -6.6067842e+00
  -6.4787228e+00
  -6.3368522e+00
  -6.1818643e+00
  -6.0144936e+00
  -5.8355081e+00
  -5.6457002e+00
  -5.4458781e+00
  -5.2368566e+00
  -5.0194484e+00
  -4.7944560e+00
  -4.5626641e+00
  -4.3248318e+00
  -4.0816867e+00
  -3.8339183e+00
  -3.5821740e+00
  -3.3270539e+00
  -3.0691084e+00
  -2.8088354e+00
  -2.5466795e+00
  -2.2830312e+00
  -2.0182277e+00
  -1.7525549e+00
  -1.4862500e+00
  -1.2195054e+00
  -9.5247351e-01
  -6.8527249e-01
  -4.1799271e-01
  -1.5070392e-01
   1.1653712e-01
   3.8367875e-01
   6.5066631e-01
   9.1743422e-01
   1.1838982e+00
   1.4499480e+00
   1.7154407e+00
   1.9801944e+00
   2.2439832e+00
   2.5065332e+00
   2.7675187e+00
   3.0265609e+00
   3.2832263e+00
   3.5370272e+00
   3.7874229e+00
   4.0338219e+00
   4.2755851e+00
   4.5120300e+00
   4.7424358e+00
   4.9660493e+00
   5.1820916e+00
   5.3897652e+00
   5.5882625e+00
   5.7767736e+00
   5.9544956e+00
   6.1206415e+00
   6.2744491e+00
   6.4151905e+00
   6.5421807e+00
   6.6547862e+00
   6.7524332e+00
   6.8346144e+00
   6.9008967e+00
   6.9509257e+00
   6.9844317e+00
   7.0012323e+00
   7.0012359e+00
   6.9844420e+00
   6.9509418e+00
   6.9009167e+00
   6.8346358e+00
   6.7524520e+00
   6.6547974e+00
   6.5421774e+00
   6.4151640e+00
   6.2743884e+00
   6.1205330e+00
   5.9543229e+00
   5.7765170e+00
   5.5878990e+00
   5.3892684e+00
   5.1814313e+00
   4.9651920e+00
   4.7413447e+00
   4.5106654e+00
   4.2739051e+00
   4.0317834e+00
   3.7849825e+00
   3.5341429e+00
   3.2798593e+00
   3.0226780e+00
   2.7630947e+00
   2.5015538e+00
   2.2384483e+00
   1.9741209e+00
   1.7088656e+00
   1.4429307e+00
   1.1765227e+00
   9.0981068e-01
   6.4293156e-01
   3.7599630e-01
   1.0909626e-01
  -1.5768985e-01
  -4.2428873e-01
  -6.9062518e-01
  -9.5661471e-01
  -1.2221563e+00
  -1.4871258e+00
  -1.7513687e+00
  -2.0146951e+00
  -2.2768739e+00
  -2.5376284e+00
  -2.7966326e+00
  -3.0535089e+00
  -3.3078265e+00
  -3.5591010e+00
  -3.8067949e+00
  -4.0503200e+00
  -4.2890400e+00
  -4.5222748e+00
  -4.7493056e+00
  -4.9693808e+00
  -5.1817236e+00
  -5.3855392e+00
  -5.5800230e+00
  -5.7643699e+00
  -5.9377830e+00
  -6.0994827e+00
  -6.2487163e+00
  -6.3847669e+00
  -6.5069623e+00
  -6.6146836e+00
  -6.7073733e+00
  -6.7845419e+00
  -6.8457755e+00
  -6.8907403e+00
  -6.9191878e+00
  -6.9309581e+00
  -6.9259824e+00
  -6.9042836e+00
  -6.8659767e+00
  -6.8112673e+00
  -6.7404489e+00
  -6.6538988e+00
  -6.5520736e+00
  -6.4355029e+00
  -6.3047824e+00
  -6.1605659e+00
  -6.0035569e+00
  -5.8344998e+00
  -5.6541703e+00
  -5.4633661e+00
  -5.2628970e+00
  -5.0535763e+00
  -4.8362107e+00
  -4.6115925e+00
  -4.3804911e+00
  -4.1436456e+00
  -3.9017589e+00
  -3.6554914e+00
  -3.4054569e+00
  -3.1522191e+00
  -2.8962892e+00
  -2.6381249e+00
  -2.3781299e+00
  -2.1166556e+00
  -1.8540030e+00
  -1.5904258e+00
  -1.3261348e+00
  -1.0613025e+00
  -7.9606946e-01
  -5.3054988e-01
  -2.6483881e-01
   9.8086121e-04
   2.6683108e-01
   5.3263121e-01
   7.9829071e-01
   1.0637020e+00
   1.3287336e+00
   1.5932241e+00
   1.8569760e+00
   2.1197512e+00
   2.3812664e+00
   2.6411901e+00
   2.8991399e+00
   3.1546817e+00
   3.4073289e+00
   3.6565436e+00
   3.9017383e+00
   4.1422790e+00
   4.3774892e+00
   4.6066552e+00
   4.8290316e+00
   5.0438484e+00
   5.2503187e+00
   5.4476463e+00
   5.6350347e+00
   5.8116957e+00
   5.9768586e+00
   6.1297790e+00
   6.2697478e+00
   6.3961001e+00
   6.5082229e+00
   6.6055632e+00
   6.6876345e+00
   6.7540237e+00
   6.8043958e+00
   6.8384985e+00
   6.8561653e+00
   6.8573180e+00
   6.8419674e+00
   6.8102130e+00
   6.7622419e+00
   6.6983259e+00
   6.6188177e+00
   6.5241463e+00
   6.4148108e+00
   6.2913738e+00
   6.1544539e+00
   6.0047174e+00
   5.8428698e+00
   5.6696468e+00
   5.4858051e+00
   5.2921133e+00
   5.0893427e+00
   4.8782587e+00
   4.6596124e+00
   4.4341324e+00
   4.2025183e+00
   3.9654341e+00
   3.7235028e+00
   3.4773025e+00
   3.2273634e+00
   2.9741654e+00
   2.7181380e+00
   2.4596608e+00
   2.1990645e+00
   1.9366344e+00
   1.6726142e+00
   1.4072105e+00
   1.1405990e+00
   8.7293097e-01
   6.0434078e-01
   3.3495365e-01
   6.4894049e-02
  -2.0570584e-01
  -4.7669759e-01
  -7.4790825e-01
  -1.0191325e+00
  -1.2901254e+00
  -1.5605959e+00
  -1.8302019e+00
  -2.0985454e+00
  -2.3651699e+00
  -2.6295593e+00
  -2.8911379e+00
  -3.1492723e+00
  -3.4032755e+00
  -3.6524124e+00
  -3.8959069e+00
  -4.1329521e+00
  -4.3627198e+00
  -4.5843742e+00
  -4.7970844e+00
  -5.0000396e+00
  -5.1924643e+00
  -5.3736340e+00
  -5.5428911e+00
  -5.6996600e+00
  -5.8434622e+00
  -5.9739294e+00
  -6.0908158e+00
  -6.1940074e+00
  -6.2835305e+00
  -6.3595559e+00
  -6.4224010e+00
  -6.4725291e+00
  -6.5105442e+00
  -6.5371835e+00
  -6.5533060e+00
  -6.5598780e+00
  -6.5579557e+00
  -6.5486646e+00
  -6.5331770e+00
  -6.5126877e+00
  -6.4883883e+00
  -6.4614407e+00
  -6.4329516e+00
  -6.4039479e+00
  -6.3753531e+00
  -6.3479685e+00
  -6.3224562e+00
  -6.2993282e+00
  -6.2789397e+00
