   7.5620017e-08
   9.8817908e-08
   1.2238197e-07
   1.4574167e-07
   1.6825916e-07
   1.8923741e-07
   2.0793096e-07
   2.2355923e-07
   2.3532252e-07
   2.4242052e-07
   2.4407318e-07
   2.3954372e-07
   2.2816346e-07
   2.0935800e-07
   1.8267424e-07
   1.4780774e-07
   1.0462957e-07
   5.3212125e-08
  -6.1472275e-09
  -7.2905220e-08
  -1.4625562e-07
  -2.2511686e-07
  -3.0812530e-07
  -3.9363499e-07
  -4.7972489e-07
  -5.6421407e-07
  -6.4468582e-07
  -7.1852082e-07
  -7.8294006e-07
  -8.3505716e-07
  -8.7194041e-07
  -8.9068369e-07
  -8.8848590e-07
  -8.6273769e-07
  -8.1111420e-07
  -7.3167221e-07
  -6.2294960e-07
  -4.8406498e-07
  -3.1481465e-07
  -1.1576431e-07
   1.1166781e-07
   3.6513949e-07
   6.4132824e-07
   9.3589344e-07
   1.2434604e-06
   1.5576293e-06
   1.8710125e-06
   2.1753022e-06
   2.4613704e-06
   2.7194041e-06
   2.9390750e-06
   3.1097438e-06
   3.2207001e-06
   3.2614332e-06
   3.2219333e-06
   3.0930169e-06
   2.8666733e-06
   2.5364230e-06
   2.0976832e-06
   1.5481285e-06
   8.8804031e-07
   1.2063049e-07
  -7.4766884e-07
  -1.7069640e-06
  -2.7437179e-06
  -3.8406405e-06
  -4.9766642e-06
  -6.1270136e-06
  -7.2633830e-06
  -8.3542279e-06
  -9.3651784e-06
  -1.0259580e-05
  -1.0999163e-05
  -1.1544837e-05
  -1.1857613e-05
  -1.1899637e-05
  -1.1635322e-05
  -1.1032576e-05
  -1.0064081e-05
  -8.7086201e-06
  -6.9524078e-06
  -4.7903999e-06
  -2.2275379e-06
   7.2010937e-07
   4.0243486e-06
   7.6440565e-06
   1.1524610e-05
   1.5597599e-05
   1.9780858e-05
   2.3978871e-05
   2.8083570e-05
   3.1975566e-05
   3.5525835e-05
   3.8597871e-05
   4.1050303e-05
   4.2739982e-05
   4.3525500e-05
   4.3271115e-05
   4.1851025e-05
   3.9153931e-05
   3.5087790e-05
   2.9584681e-05
   2.2605651e-05
   1.4145420e-05
   4.2368029e-06
  -7.0453008e-06
  -1.9580518e-05
  -3.3200368e-05
  -4.7686558e-05
  -6.2770367e-05
  -7.8133267e-05
  -9.3408940e-05
  -1.0818679e-04
  -1.2201710e-04
  -1.3441780e-04
  -1.4488303e-04
  -1.5289336e-04
  -1.5792772e-04
  -1.5947681e-04
  -1.5705802e-04
  -1.5023147e-04
  -1.3861701e-04
  -1.2191183e-04
  -9.9908271e-05
  -7.2511420e-05
  -3.9755992e-05
  -1.8219753e-06
   4.0951543e-05
   8.8054961e-05
   1.3879976e-04
   1.9231371e-04
   2.4754034e-04
   3.0324309e-04
   3.5801480e-04
   4.1029288e-04
   4.5838049e-04
   5.0047401e-04
   5.3469681e-04
   5.5913930e-04
   5.7190508e-04
   5.7116261e-04
   5.5520195e-04
   5.2249563e-04
   4.7176268e-04
   4.0203457e-04
   3.1272149e-04
   2.0367755e-04
   7.5262931e-05
  -7.1598978e-05
  -2.3537139e-04
  -4.1386314e-04
  -6.0419901e-04
  -8.0280347e-04
  -1.0053999e-03
  -1.2070273e-03
  -1.4020754e-03
  -1.5843410e-03
  -1.7471048e-03
  -1.8832301e-03
  -1.9852837e-03
  -2.0456773e-03
  -2.0568295e-03
  -2.0113448e-03
  -1.9022085e-03
  -1.7229934e-03
  -1.4680737e-03
  -1.1328415e-03
  -7.1392131e-04
  -2.0937386e-04
   3.8111477e-04
   1.0560678e-03
   1.8120826e-03
   2.6437339e-03
   3.5435217e-03
   4.5018716e-03
   5.5071930e-03
   6.5460011e-03
   7.6031055e-03
   8.6618680e-03
   9.7045293e-03
   1.0712602e-02
   1.1667327e-02
   1.2550178e-02
   1.3343407e-02
   1.4030623e-02
   1.4597355e-02
   1.5031613e-02
   1.5324383e-02
   1.5470039e-02
   1.5466629e-02
   1.5315995e-02
   1.5023712e-02
   1.4598839e-02
   1.4053515e-02
   1.3402427e-02
   1.2662205e-02
   1.1850769e-02
   1.0986664e-02
   1.0088416e-02
   9.1739216e-03
   8.2599015e-03
   7.3614197e-03
   6.4914867e-03
   5.6607518e-03
   4.8772862e-03
   4.1464603e-03
   3.4709122e-03
   2.8506036e-03
   2.2829589e-03
   1.7630791e-03
   1.2840221e-03
   8.3714075e-04
   4.1246732e-04
  -8.6642405e-07
  -4.1418493e-04
  -8.3881269e-04
  -1.2856179e-03
  -1.7645684e-03
  -2.2843116e-03
  -2.8517898e-03
  -3.4719026e-03
  -4.1472264e-03
  -4.8778008e-03
  -5.6609894e-03
  -6.4914241e-03
  -7.3610367e-03
  -8.2591817e-03
  -9.1728530e-03
  -1.0086992e-02
  -1.0984885e-02
  -1.1848641e-02
  -1.2659743e-02
  -1.3399654e-02
  -1.4050465e-02
  -1.4595556e-02
  -1.5020248e-02
  -1.5312414e-02
  -1.5463004e-02
  -1.5466455e-02
  -1.5320933e-02
  -1.5028398e-02
  -1.4594483e-02
  -1.4028207e-02
  -1.3341563e-02
  -1.2549020e-02
  -1.1666969e-02
  -1.0713149e-02
  -9.7060777e-03
  -8.6645018e-03
  -7.6068907e-03
  -6.5509828e-03
  -5.5133911e-03
  -4.5092775e-03
  -3.5520944e-03
  -2.6533972e-03
  -1.8227225e-03
  -1.0675305e-03
  -3.9320572e-04
   1.9689015e-04
   7.0132042e-04
   1.1204370e-03
   1.4562138e-03
   1.7120566e-03
   1.8925969e-03
   2.0034774e-03
   2.0511328e-03
   2.0425755e-03
   1.9851871e-03
   1.8865229e-03
   1.7541313e-03
   1.5953918e-03
   1.4173728e-03
   1.2267110e-03
   1.0295126e-03
   8.3127742e-04
   6.3684382e-04
   4.5035505e-04
   2.7524476e-04
   1.1424039e-04
  -3.0617435e-05
  -1.5794165e-04
  -2.6695375e-04
  -3.5742920e-04
  -4.2963555e-04
  -4.8426529e-04
  -5.2236566e-04
  -5.4526711e-04
  -5.5451242e-04
  -5.5178794e-04
  -5.3885833e-04
  -5.1750612e-04
  -4.8947699e-04
  -4.5643158e-04
  -4.1990447e-04
  -3.8127071e-04
  -3.4172004e-04
  -3.0223903e-04
  -2.6360083e-04
  -2.2636240e-04
  -1.9086885e-04
  -1.5726428e-04
  -1.2550867e-04
  -9.5399999e-05
  -6.6601011e-05
  -3.8669601e-05
  -1.1092153e-05
   1.6681179e-05
   4.5200125e-05
   7.4977848e-05
   1.0645531e-04
   1.3996741e-04
   1.7571180e-04
   2.1372122e-04
   2.5384036e-04
   2.9570782e-04
   3.3874404e-04
   3.8214586e-04
   4.2488814e-04
   4.6573299e-04
   5.0324691e-04
   5.3582588e-04
   5.6172860e-04
   5.7911758e-04
   5.8610775e-04
   5.8082206e-04
   5.6145328e-04
   5.2633108e-04
   4.7399306e-04
   4.0325856e-04
   3.1330332e-04
   2.0373352e-04
   7.4656956e-05
  -7.3250607e-05
  -2.3868622e-04
  -4.1966993e-04
  -6.1350670e-04
  -8.1676234e-04
  -1.0252557e-03
  -1.2340689e-03
  -1.4375781e-03
  -1.6295051e-03
  -1.8029921e-03
  -1.9506995e-03
  -2.0649271e-03
  -2.1377581e-03
  -2.1612250e-03
  -2.1274949e-03
  -2.0290719e-03
  -1.8590140e-03
  -1.6111580e-03
  -1.2803502e-03
  -8.6267469e-04
  -3.5567451e-04
   2.4144235e-04
   9.2761898e-04
   1.6997957e-03
   2.5527942e-03
   3.4792465e-03
   4.4695781e-03
   5.5120495e-03
   6.5928637e-03
   7.6963426e-03
   8.8051767e-03
   9.9007468e-03
   1.0963516e-02
   1.1973491e-02
   1.2910733e-02
   1.3755929e-02
   1.4490975e-02
   1.5099586e-02
   1.5567876e-02
   1.5884904e-02
   1.6043127e-02
   1.6038740e-02
   1.5871857e-02
   1.5546505e-02
   1.5070447e-02
   1.4454839e-02
   1.3713770e-02
   1.2863718e-02
   1.1922962e-02
   1.0910976e-02
   9.8478336e-03
   8.7536404e-03
   7.6480150e-03
   6.5496260e-03
   5.4757959e-03
   4.4421755e-03
   3.4624913e-03
   2.5483664e-03
   1.7092100e-03
   9.5217451e-04
   2.8217177e-04
  -2.9805615e-04
  -7.8781957e-04
  -1.1883247e-03
  -1.5024858e-03
  -1.7347132e-03
  -1.8906854e-03
  -1.9771113e-03
  -2.0014894e-03
  -1.9718700e-03
  -1.8966252e-03
  -1.7842308e-03
  -1.6430646e-03
  -1.4812229e-03
  -1.3063593e-03
  -1.1255442e-03
  -9.4514961e-04
  -7.7075730e-04
  -6.0709052e-04
  -4.5796962e-04
  -3.2628993e-04
  -2.1402103e-04
  -1.2222601e-04
  -5.1099023e-05
  -1.9615364e-08
   3.2378187e-05
   4.8123693e-05
   4.9816249e-05
   4.0522673e-05
   2.3667306e-05
   2.9165444e-06
  -1.7940303e-05
  -3.5111985e-05
  -4.4926281e-05
  -4.3949159e-05
  -2.9100260e-05
   2.2371113e-06
   5.2113356e-05
   1.2191919e-04
   2.1230334e-04
   3.2310323e-04
   4.5329046e-04
   6.0093287e-04
   7.6317494e-04
   9.3623797e-04
   1.1154416e-03
   1.2952477e-03
   1.4693274e-03
   1.6306524e-03
   1.7716094e-03
   1.8841386e-03
   1.9598949e-03
   1.9904291e-03
   1.9673892e-03
   1.8827369e-03
   1.7289761e-03
   1.4993901e-03
   1.1882807e-03
   7.9120574e-04
   3.0520564e-04
  -2.7098478e-04
  -9.3674875e-04
  -1.6894310e-03
  -2.5242198e-03
  -3.4340756e-03
  -4.4097129e-03
  -5.4396423e-03
  -6.5102780e-03
  -7.6061144e-03
  -8.7099760e-03
  -9.8033387e-03
  -1.0866722e-02
  -1.1880149e-02
  -1.2823660e-02
  -1.3677872e-02
  -1.4424576e-02
  -1.5047331e-02
  -1.5532052e-02
  -1.5867548e-02
  -1.6045979e-02
  -1.6063191e-02
  -1.5918899e-02
  -1.5616681e-02
  -1.5163805e-02
  -1.4570886e-02
  -1.3851433e-02
  -1.3021312e-02
  -1.2098166e-02
  -1.1100818e-02
  -1.0048687e-02
  -8.9612371e-03
  -7.8574743e-03
  -6.7554984e-03
  -5.6721278e-03
  -4.6225928e-03
  -3.6203047e-03
  -2.6766963e-03
  -1.8011330e-03
  -1.0008886e-03
  -2.8118065e-04
   3.5474408e-04
   9.0547881e-04
   1.3712916e-03
   1.7539328e-03
   2.0564244e-03
   2.2828385e-03
   2.4380728e-03
   2.5276307e-03
   2.5574110e-03
   2.5335134e-03
   2.4620641e-03
   2.3490648e-03
   2.2002683e-03
   2.0210811e-03
   1.8164954e-03
   1.5910491e-03
   1.3488134e-03
   1.0934061e-03
   8.2802828e-04
   5.5552186e-04
   2.7844342e-04
  -8.4831597e-07
  -2.8009637e-04
  -5.5704474e-04
  -8.2933777e-04
  -1.0944239e-03
  -1.3494682e-03
  -1.5912784e-03
  -1.8162474e-03
  -2.0203162e-03
  -2.1989610e-03
  -2.3472046e-03
  -2.4596569e-03
  -2.5305825e-03
  -2.5539976e-03
  -2.5237943e-03
  -2.4338912e-03
  -2.2784074e-03
  -2.0518566e-03
  -1.7493569e-03
  -1.3668503e-03
  -9.0132679e-04
  -3.5104508e-04
   2.8425688e-04
   1.0031701e-03
   1.8024495e-03
   2.6768842e-03
   3.6192118e-03
   4.6200833e-03
   5.6680881e-03
   6.7498424e-03
   7.8501489e-03
   8.9522276e-03
   1.0038022e-02
   1.1088573e-02
   1.2084470e-02
   1.3006347e-02
   1.3835438e-02
   1.4554157e-02
   1.5146695e-02
   1.5599597e-02
   1.5902298e-02
   1.6047577e-02
   1.6031891e-02
   1.5855555e-02
   1.5522738e-02
   1.5041284e-02
   1.4422373e-02
   1.3680063e-02
   1.2830746e-02
   1.1892570e-02
   1.0884831e-02
   9.8273841e-03
   8.7400840e-03
   7.6422672e-03
   6.5522970e-03
   5.4871728e-03
   4.4622103e-03
   3.4907963e-03
   2.5842151e-03
   1.7515459e-03
   9.9962605e-04
   3.3307495e-04
  -2.4562821e-04
  -7.3601994e-04
  -1.1394889e-03
  -1.4590813e-03
  -1.6992824e-03
  -1.8657826e-03
  -1.9652346e-03
  -2.0050076e-03
  -1.9929470e-03
  -1.9371409e-03
  -1.8457022e-03
  -1.7265675e-03
  -1.5873162e-03
  -1.4350133e-03
  -1.2760771e-03
  -1.1161718e-03
  -9.6012768e-04
  -8.1188655e-04
  -6.7447347e-04
  -5.4999314e-04
  -4.3964973e-04
  -3.4378861e-04
  -2.6195793e-04
  -1.9298815e-04
  -1.3508710e-04
  -8.5948164e-05
  -4.2869203e-05
  -2.8794709e-06
   3.7128017e-05
   8.0261374e-05
   1.2949469e-04
   1.8753550e-04
   2.5669763e-04
   3.3878194e-04
   4.3496772e-04
   5.4571711e-04
   6.7069505e-04
   8.0870706e-04
   9.5765688e-04
   1.1145260e-03
   1.2753765e-03
   1.4353789e-03
   1.5888660e-03
   1.7294120e-03
   1.8499397e-03
   1.9428522e-03
   2.0001902e-03
   2.0138125e-03
   1.9755970e-03
   1.8776597e-03
   1.7125872e-03
   1.4736791e-03
   1.1551935e-03
   7.5259150e-04
   2.6277204e-04
  -3.1570818e-04
  -9.8243847e-04
  -1.7349890e-03
  -2.5687842e-03
  -3.4770234e-03
  -4.4506548e-03
  -5.4784103e-03
  -6.5469063e-03
  -7.6408150e-03
  -8.7431087e-03
  -9.8353777e-03
  -1.0898220e-02
  -1.1911696e-02
  -1.2855844e-02
  -1.3711244e-02
  -1.4459604e-02
  -1.5084369e-02
  -1.5571303e-02
  -1.5909036e-02
  -1.6089524e-02
  -1.6108389e-02
  -1.5965111e-02
  -1.5663029e-02
  -1.5209173e-02
  -1.4613931e-02
  -1.3890607e-02
  -1.3054887e-02
  -1.2124272e-02
  -1.1117490e-02
  -1.0053916e-02
  -8.9530334e-03
  -7.8339312e-03
  -6.7148666e-03
  -5.6128906e-03
  -4.5435451e-03
  -3.5206312e-03
  -2.5560493e-03
  -1.6597058e-03
  -8.3948301e-04
  -1.0126542e-04
   5.5098517e-04
   1.1151133e-03
   1.5906206e-03
   1.9784922e-03
   2.2810065e-03
   2.5015372e-03
   2.6443527e-03
   2.7144224e-03
   2.7172325e-03
   2.6586183e-03
   2.5446154e-03
   2.3813344e-03
   2.1748577e-03
   1.9311635e-03
   1.6560727e-03
   1.3552208e-03
   1.0340516e-03
   6.9782971e-04
   3.5167053e-04
   5.8207811e-07
  -3.5048404e-04
  -6.9657735e-04
  -1.0326932e-03
  -1.3537218e-03
  -1.6544061e-03
  -1.9293117e-03
  -2.1728142e-03
  -2.3791052e-03
  -2.5422200e-03
  -2.6560901e-03
  -2.7146197e-03
  -2.7117872e-03
  -2.6417710e-03
  -2.4990976e-03
  -2.2788088e-03
  -1.9766450e-03
  -1.5892395e-03
  -1.1143174e-03
  -5.5089387e-04
   1.0053596e-04
   8.3782400e-04
   1.6570201e-03
   2.5522557e-03
   3.5156690e-03
   4.5373786e-03
   5.6055133e-03
   6.7063051e-03
   7.8242489e-03
   8.9423334e-03
   1.0042344e-02
   1.1105233e-02
   1.2111564e-02
   1.3042002e-02
   1.3877863e-02
   1.4601683e-02
   1.5197809e-02
   1.5652964e-02
   1.5956780e-02
   1.6102238e-02
   1.6085997e-02
   1.5908568e-02
   1.5574301e-02
   1.5091202e-02
   1.4470589e-02
   1.3726626e-02
   1.2875787e-02
   1.1936262e-02
   1.0927359e-02
   9.8689128e-03
   8.7807243e-03
   7.6820482e-03
   6.5911400e-03
   5.5248700e-03
   4.4984086e-03
   3.5249867e-03
   2.6157287e-03
   1.7795565e-03
   1.0231604e-03
   3.5102964e-04
  -2.3446203e-04
  -7.3292503e-04
  -1.1457835e-03
  -1.4760745e-03
  -1.7282243e-03
  -1.9078097e-03
  -2.0213118e-03
  -2.0758690e-03
  -2.0790349e-03
  -2.0385471e-03
  -1.9621119e-03
  -1.8572075e-03
  -1.7309110e-03
  -1.5897496e-03
  -1.4395789e-03
  -1.2854891e-03
  -1.1317394e-03
  -9.8172014e-04
  -8.3794248e-04
  -7.0205391e-04
  -5.7487807e-04
  -4.5647690e-04
  -3.4623262e-04
  -2.4294709e-04
  -1.4495548e-04
  -5.0251491e-05
   4.3379316e-05
   1.3822109e-04
   2.3648762e-04
   3.4018387e-04
   4.5097246e-04
   5.7004838e-04
   6.9802499e-04
   8.3483449e-04
   9.7964559e-04
   1.1308011e-03
   1.2857779e-03
   1.4411709e-03
   1.5927036e-03
   1.7352651e-03
   1.8629763e-03
   1.9692832e-03
   2.0470787e-03
   2.0888519e-03
   2.0868613e-03
   2.0333316e-03
   1.9206703e-03
   1.7416995e-03
   1.4898983e-03
   1.1596513e-03
   7.4649608e-04
   2.4736286e-04
  -3.3920048e-04
  -1.0128260e-03
  -1.7711542e-03
  -2.6097007e-03
  -3.5217701e-03
  -4.4984234e-03
  -5.5285065e-03
  -6.5987451e-03
  -7.6939111e-03
  -8.7970618e-03
  -9.8898543e-03
  -1.0952932e-02
  -1.1966379e-02
  -1.2910233e-02
  -1.3765047e-02
  -1.4512483e-02
  -1.5135915e-02
  -1.5621023e-02
  -1.5956336e-02
  -1.6133699e-02
  -1.6148622e-02
  -1.6000472e-02
  -1.5692486e-02
  -1.5231603e-02
  -1.4628145e-02
  -1.3895376e-02
  -1.3048980e-02
  -1.2106493e-02
  -1.1086723e-02
  -1.0009181e-02
  -8.8935328e-03
  -7.7591105e-03
  -6.6244683e-03
  -5.5070096e-03
  -4.4226809e-03
  -3.3857356e-03
  -2.4085672e-03
  -1.5016071e-03
  -6.7328450e-04
   6.9960824e-05
   7.2361739e-04
   1.2850020e-03
   1.7531282e-03
   2.1285515e-03
   2.4131989e-03
   2.6101903e-03
   2.7236592e-03
   2.7585768e-03
   2.7205873e-03
   2.6158555e-03
   2.4509330e-03
   2.2326425e-03
   1.9679827e-03
   1.6640540e-03
   1.3280042e-03
   9.6699135e-04
   5.8816389e-04
   1.9865324e-04
  -1.9442381e-04
  -5.8395660e-04
  -9.6283012e-04
  -1.3239165e-03
  -1.6600724e-03
  -1.9641460e-03
  -2.2289974e-03
  -2.4475341e-03
  -2.6127660e-03
  -2.7178786e-03
  -2.7563283e-03
  -2.7219567e-03
  -2.6091247e-03
  -2.4128639e-03
  -2.1290409e-03
  -1.7545329e-03
  -1.2874066e-03
  -7.2709619e-04
  -7.4573946e-05
   6.6749546e-04
   1.4946233e-03
   2.4003967e-03
   3.3764175e-03
   4.4122886e-03
   5.4956542e-03
   6.6123010e-03
   7.7463241e-03
   8.8803623e-03
   9.9959029e-03
   1.1073655e-02
   1.2093989e-02
   1.3037427e-02
   1.3885188e-02
   1.4619754e-02
   1.5225452e-02
   1.5689019e-02
   1.6000121e-02
   1.6151791e-02
   1.6140757e-02
   1.5967596e-02
   1.5636730e-02
   1.5156230e-02
   1.4537465e-02
   1.3794645e-02
   1.2944266e-02
   1.2004528e-02
   1.0994729e-02
   9.9346759e-03
   8.8441268e-03
   7.7422795e-03
   6.6473226e-03
   5.5760537e-03
   4.5435697e-03
   3.5630331e-03
   2.6455106e-03
   1.7998841e-03
   1.0328271e-03
   3.4884265e-04
  -2.4964564e-04
  -7.6215667e-04
  -1.1899766e-03
  -1.5359544e-03
  -1.8042755e-03
  -2.0002218e-03
  -2.1299265e-03
  -2.2001285e-03
  -2.2179347e-03
  -2.1905952e-03
  -2.1252957e-03
  -2.0289712e-03
  -1.9081450e-03
  -1.7687942e-03
  -1.6162439e-03
  -1.4550910e-03
  -1.2891573e-03
  -1.1214714e-03
  -9.5427864e-04
  -7.8907684e-04
  -6.2667595e-04
  -4.6727884e-04
  -3.1058034e-04
  -1.5588121e-04
  -2.2134077e-06
   1.5152680e-04
   3.0644196e-04
   4.6349652e-04
   6.2338379e-04
   7.8640057e-04
   9.5233323e-04
   1.1203587e-03
   1.2889635e-03
   1.4558846e-03
   1.6180730e-03
   1.7716848e-03
   1.9120986e-03
   2.0339631e-03
   2.1312736e-03
   2.1974779e-03
   2.2256111e-03
   2.2084577e-03
   2.1387378e-03
   2.0093157e-03
   1.8134252e-03
   1.5449085e-03
   1.1984620e-03
   7.6988283e-04
   2.5630975e-04
  -3.4355000e-04
  -1.0292150e-03
  -1.7982538e-03
  -2.6461471e-03
  -3.5661962e-03
  -4.5494844e-03
  -5.5849005e-03
  -6.6592278e-03
  -7.7573049e-03
  -8.8622608e-03
  -9.9558245e-03
  -1.1018708e-02
  -1.2031057e-02
  -1.2972964e-02
  -1.3825026e-02
  -1.4568939e-02
  -1.5188105e-02
  -1.5668219e-02
  -1.5997820e-02
  -1.6168761e-02
  -1.6176561e-02
  -1.6020596e-02
  -1.5704120e-02
  -1.5234104e-02
  -1.4620913e-02
  -1.3877877e-02
  -1.3020767e-02
  -1.2067235e-02
  -1.1036233e-02
  -9.9474442e-03
  -8.8207428e-03
  -7.6756968e-03
  -6.5311275e-03
  -5.4047320e-03
  -4.3127729e-03
  -3.2698367e-03
  -2.2886596e-03
  -1.3800180e-03
  -5.5267725e-04
   1.8660505e-04
   8.3303039e-04
   1.3836716e-03
   1.8373545e-03
   2.1945160e-03
   2.4570472e-03
   2.6281273e-03
   2.7120554e-03
   2.7140859e-03
   2.6402713e-03
   2.4973172e-03
   2.2924510e-03
   2.0333075e-03
   1.7278305e-03
   1.3841918e-03
   1.0107254e-03
   6.1587563e-04
   2.0815701e-04
  -2.0387748e-04
  -6.1166270e-04
  -1.0066459e-03
  -1.3803132e-03
  -1.7242206e-03
  -2.0300350e-03
  -2.2895849e-03
  -2.4949263e-03
  -2.6384239e-03
  -2.7128484e-03
  -2.7114917e-03
  -2.6282967e-03
  -2.4580030e-03
  -2.1963035e-03
  -1.8400088e-03
  -1.3872153e-03
  -8.3747100e-04
  -1.9193290e-04
   5.4649159e-04
   1.3730259e-03
   2.2809363e-03
   3.2614829e-03
   4.3039161e-03
   5.3955269e-03
   6.5217561e-03
   7.6663675e-03
   8.8116889e-03
   9.9389215e-03
   1.1028516e-02
   1.2060613e-02
   1.3015539e-02
   1.3874343e-02
   1.4619369e-02
   1.5234833e-02
   1.5707385e-02
   1.6026626e-02
   1.6185544e-02
   1.6180834e-02
   1.6013056e-02
   1.5686622e-02
   1.5209597e-02
   1.4593351e-02
   1.3852091e-02
   1.3002316e-02
   1.2062222e-02
   1.1051105e-02
   9.9887672e-03
   8.8949613e-03
   7.7888816e-03
   6.6887167e-03
   5.6112695e-03
   4.5716519e-03
   3.5830530e-03
   2.6565818e-03
   1.8011818e-03
   1.0236102e-03
   3.2847949e-04
  -2.8164976e-04
  -8.0612917e-04
  -1.2460465e-03
  -1.6040207e-03
  -1.8839761e-03
  -2.0909047e-03
  -2.2306233e-03
  -2.3095331e-03
  -2.3343872e-03
  -2.3120729e-03
  -2.2494126e-03
  -2.1529872e-03
  -2.0289860e-03
  -1.8830837e-03
  -1.7203475e-03
  -1.5451739e-03
  -1.3612548e-03
  -1.1715732e-03
  -9.7842559e-04
  -7.8346965e-04
  -5.8779437e-04
  -3.9200977e-04
  -1.9635249e-04
  -8.0361891e-07
   1.9478516e-04
   3.9056125e-04
   5.8654083e-04
   7.8248277e-04
   9.7777079e-04
   1.1713079e-03
   1.3614270e-03
   1.5458204e-03
   1.7214927e-03
   1.8847382e-03
   2.0311456e-03
   2.1556321e-03
   2.2525067e-03
   2.3155636e-03
   2.3382052e-03
   2.3135926e-03
   2.2348230e-03
   2.0951285e-03
   1.8880951e-03
   1.6078947e-03
   1.2495267e-03
   8.0906076e-04
   2.8387541e-04
  -3.2711594e-04
  -1.0232597e-03
  -1.8019853e-03
  -2.6586662e-03
  -3.5865255e-03
  -4.5765955e-03
  -5.6177377e-03
  -6.6967286e-03
  -7.7984176e-03
  -8.9059585e-03
  -1.0001116e-02
  -1.1064647e-02
  -1.2076747e-02
  -1.3017561e-02
  -1.3867742e-02
  -1.4609042e-02
  -1.5224918e-02
  -1.5701119e-02
  -1.6026241e-02
  -1.6192190e-02
  -1.6194540e-02
  -1.6032723e-02
  -1.5710055e-02
  -1.5233570e-02
  -1.4613707e-02
  -1.3863872e-02
  -1.2999924e-02
  -1.2039612e-02
  -1.1001998e-02
  -9.9068843e-03
  -8.7742751e-03
  -7.6238793e-03
  -6.4746679e-03
  -5.3444946e-03
  -4.2497830e-03
  -3.2052815e-03
  -2.2238854e-03
  -1.3165222e-03
  -4.9209587e-04
   2.4251604e-04
   8.8241943e-04
   1.4246223e-03
   1.8679226e-03
   2.2127726e-03
   2.4611280e-03
   2.6162869e-03
   2.6827268e-03
   2.6659431e-03
   2.5722950e-03
   2.4088610e-03
   2.1833078e-03
   1.9037730e-03
   1.5787631e-03
   1.2170653e-03
   8.2767363e-04
   4.1972626e-04
   2.4521734e-06
  -4.1487568e-04
  -8.2298397e-04
  -1.2126425e-03
  -1.5747111e-03
  -1.9001927e-03
  -2.1802959e-03
  -2.4065091e-03
  -2.5706880e-03
  -2.6651578e-03
  -2.6828298e-03
  -2.6173333e-03
  -2.4631590e-03
  -2.2158137e-03
  -1.8719810e-03
  -1.4296856e-03
  -8.8845275e-04
  -2.4946069e-04
   4.8432420e-04
   1.3080347e-03
   2.2148209e-03
   3.1958067e-03
   4.2400925e-03
   5.3348095e-03
   6.4652340e-03
   7.6149646e-03
   8.7661658e-03
   9.8998805e-03
   1.0996408e-02
   1.2035746e-02
   1.2998086e-02
   1.3864352e-02
   1.4616772e-02
   1.5239455e-02
   1.5718951e-02
   1.6044767e-02
   1.6209808e-02
   1.6210684e-02
   1.6047880e-02
   1.5725731e-02
   1.5252233e-02
   1.4638686e-02
   1.3899235e-02
   1.3050313e-02
   1.2110063e-02
   1.1097730e-02
   1.0033073e-02
   8.9358130e-03
   7.8251263e-03
   6.7191978e-03
   5.6348459e-03
   4.5872194e-03
   3.5895689e-03
   2.6530923e-03
   1.7868514e-03
   9.9775367e-04
   2.9059445e-04
  -3.3184882e-04
  -8.6867768e-04
  -1.3206977e-03
  -1.6902156e-03
  -1.9808176e-03
  -2.1971359e-03
  -2.3446122e-03
  -2.4292644e-03
  -2.4574635e-03
  -2.4357249e-03
  -2.3705210e-03
  -2.2681163e-03
  -2.1344297e-03
  -1.9749253e-03
  -1.7945324e-03
  -1.5975955e-03
  -1.3878537e-03
  -1.1684481e-03
  -9.4195416e-04
  -7.1043905e-04
  -4.7553778e-04
  -2.3854696e-04
  -5.3110054e-07
   2.3756235e-04
   4.7478353e-04
   7.1006081e-04
   9.4208577e-04
   1.1692071e-03
   1.3893374e-03
   1.5998765e-03
   1.7976559e-03
   1.9789056e-03
   2.1392480e-03
   2.2737188e-03
   2.3768181e-03
   2.4425907e-03
   2.4647364e-03
   2.4367489e-03
   2.3520808e-03
   2.2043329e-03
   1.9874633e-03
   1.6960120e-03
   1.3253345e-03
   8.7183999e-04
   3.3322515e-04
  -2.9130313e-04
  -1.0008243e-03
  -1.7925288e-03
  -2.6615785e-03
  -3.6010129e-03
  -4.6017066e-03
  -5.6523882e-03
  -6.7397245e-03
  -7.8484758e-03
  -8.9617260e-03
  -1.0061187e-02
  -1.1127578e-02
  -1.2141071e-02
  -1.3081802e-02
  -1.3930426e-02
  -1.4668711e-02
  -1.5280141e-02
  -1.5750510e-02
  -1.6068469e-02
  -1.6226000e-02
  -1.6218768e-02
  -1.6046322e-02
  -1.5712109e-02
  -1.5223325e-02
  -1.4590592e-02
  -1.3827528e-02
  -1.2950232e-02
  -1.1976717e-02
  -1.0926334e-02
  -9.8191995e-03
  -8.6756531e-03
  -7.5157529e-03
  -6.3588302e-03
  -5.2231025e-03
  -4.1253525e-03
  -3.0806738e-03
  -2.1022833e-03
  -1.2013942e-03
  -3.8714977e-04
   3.3339311e-04
   9.5523298e-04
   1.4753551e-03
   1.8926313e-03
   2.2076955e-03
   2.4228025e-03
   2.5416755e-03
   2.5693485e-03
   2.5120086e-03
   2.3768416e-03
   2.1718854e-03
   1.9058906e-03
   1.5881933e-03
   1.2285970e-03
   8.3726496e-04
   4.2462213e-04
   1.2635036e-06
  -4.2213184e-04
  -8.3488431e-04
  -1.2263973e-03
  -1.5862434e-03
  -1.9042555e-03
  -2.1706254e-03
  -2.3760113e-03
  -2.5116551e-03
  -2.5695112e-03
  -2.5423842e-03
  -2.4240765e-03
  -2.2095426e-03
  -1.8950466e-03
  -1.4783203e-03
  -9.5871503e-04
  -3.3734409e-04
   3.8279335e-04
   1.1967115e-03
   2.0973690e-03
   3.0756379e-03
   4.1203188e-03
   5.2182082e-03
   6.3542236e-03
   7.5115911e-03
   8.6720997e-03
   9.8164213e-03
   1.0924497e-02
   1.1975982e-02
   1.2950752e-02
   1.3829441e-02
   1.4594016e-02
   1.5228355e-02
   1.5718809e-02
   1.6054721e-02
   1.6228855e-02
   1.6237718e-02
   1.6081712e-02
   1.5765120e-02
   1.5295906e-02
   1.4685360e-02
   1.3947632e-02
   1.3099184e-02
   1.2158195e-02
   1.1143963e-02
   1.0076309e-02
   8.9750296e-03
   7.8593831e-03
   6.7476471e-03
   5.6567417e-03
   4.6019262e-03
   3.5965706e-03
   2.6520017e-03
   1.7774194e-03
   9.7987901e-04
   2.6433317e-04
  -3.6627440e-04
  -9.1087054e-04
  -1.3700788e-03
  -1.7460185e-03
  -2.0420846e-03
  -2.2627179e-03
  -2.4131711e-03
  -2.4992799e-03
  -2.5272443e-03
  -2.5034254e-03
  -2.4341631e-03
  -2.3256172e-03
  -2.1836361e-03
  -2.0136539e-03
  -1.8206162e-03
  -1.6089366e-03
  -1.3824812e-03
  -1.1445805e-03
  -8.9806615e-04
  -6.4533047e-04
  -3.8840391e-04
  -1.2904843e-04
   1.3113856e-04
   3.9061339e-04
   6.4777318e-04
   9.0084522e-04
   1.1477831e-03
   1.3861740e-03
   1.6131612e-03
   1.8253857e-03
   2.0189497e-03
   2.1894057e-03
   2.3317728e-03
   2.4405813e-03
   2.5099475e-03
   2.5336782e-03
   2.5054027e-03
   2.4187332e-03
   2.2674479e-03
   2.0456952e-03
   1.7482140e-03
   1.3705633e-03
   9.0935666e-04
   3.6249325e-04
  -2.7062171e-04
  -9.8887556e-04
  -1.7892742e-03
  -2.6668040e-03
  -3.6143383e-03
  -4.6225961e-03
  -5.6801612e-03
  -6.7735666e-03
  -7.8874509e-03
  -9.0047884e-03
  -1.0107195e-02
  -1.1175306e-02
  -1.2189228e-02
  -1.3129044e-02
  -1.3975377e-02
  -1.4709981e-02
  -1.5316348e-02
  -1.5780302e-02
  -1.6090553e-02
  -1.6239166e-02
  -1.6221921e-02
  -1.6038507e-02
  -1.5692552e-02
  -1.5191456e-02
  -1.4546082e-02
  -1.3770321e-02
  -1.2880571e-02
  -1.1895172e-02
  -1.0833827e-02
  -9.7170207e-03
  -8.5654706e-03
  -7.3996196e-03
  -6.2391782e-03
  -5.1027295e-03
  -4.0073967e-03
  -2.9685782e-03
  -1.9997465e-03
  -1.1123101e-03
  -3.1553329e-04
   3.8349224e-04
   9.7982877e-04
   1.4706349e-03
   1.8550753e-03
   2.1342041e-03
   2.3108300e-03
   2.3893662e-03
   2.3756739e-03
   2.2769004e-03
   2.1013188e-03
   1.8581684e-03
   1.5575020e-03
   1.2100369e-03
   8.2701322e-04
   4.2005771e-04
   1.0520839e-06
  -4.1799494e-04
  -8.2507382e-04
  -1.2083004e-03
  -1.5560440e-03
  -1.8570588e-03
  -2.1006202e-03
  -2.2766669e-03
  -2.3759492e-03
  -2.3901827e-03
  -2.3122070e-03
  -2.1361471e-03
  -1.8575744e-03
  -1.4736647e-03
  -9.8334696e-04
  -3.8743982e-04
   3.1123234e-04
   1.1077485e-03
   1.9950330e-03
   2.9638367e-03
   4.0027647e-03
   5.0983560e-03
   6.2352215e-03
   7.3962442e-03
   8.5628444e-03
   9.7153103e-03
   1.0833195e-02
   1.1895769e-02
   1.2882535e-02
   1.3773770e-02
   1.4551108e-02
   1.5198121e-02
   1.5700883e-02
   1.6048490e-02
   1.6233495e-02
   1.6252224e-02
   1.6104933e-02
   1.5795789e-02
   1.5332669e-02
   1.4726810e-02
   1.3992332e-02
   1.3145693e-02
   1.2205092e-02
   1.1189867e-02
   1.0119903e-02
   9.0150754e-03
   7.8947387e-03
   6.7772834e-03
   5.6797569e-03
   4.6175593e-03
   3.6042143e-03
   2.6512145e-03
   1.7679364e-03
   9.6162190e-04
   2.3741878e-04
  -4.0152665e-04
  -9.5393337e-04
  -1.4202138e-03
  -1.8022757e-03
  -2.1033049e-03
  -2.3275390e-03
  -2.4800380e-03
  -2.5664598e-03
  -2.5928460e-03
  -2.5654246e-03
  -2.4904333e-03
  -2.3739663e-03
  -2.2218490e-03
  -2.0395403e-03
  -1.8320646e-03
  -1.6039730e-03
  -1.3593312e-03
  -1.1017359e-03
  -8.3435281e-04
  -5.5997681e-04
  -2.8110909e-04
  -4.7339339e-08
   2.8101473e-04
   5.5988342e-04
   8.3426109e-04
   1.1016467e-03
   1.3592454e-03
   1.6038915e-03
   1.8319887e-03
   2.0394713e-03
   2.2217885e-03
   2.3739159e-03
   2.4903948e-03
   2.5653998e-03
   2.5928368e-03
   2.5664683e-03
   2.4800660e-03
   2.3275881e-03
   2.1033767e-03
   1.8023715e-03
   1.4203344e-03
   9.5407914e-04
   4.0169742e-04
  -2.3722382e-04
  -9.6140428e-04
  -1.7676985e-03
  -2.6509593e-03
  -3.6039459e-03
  -4.6172825e-03
  -5.6794775e-03
  -6.7770080e-03
  -7.8944746e-03
  -9.0148308e-03
  -1.0119687e-02
  -1.1189687e-02
  -1.2204959e-02
  -1.3145615e-02
  -1.3992319e-02
  -1.4726870e-02
  -1.5332810e-02
  -1.5796018e-02
  -1.6105255e-02
  -1.6252642e-02
  -1.6234011e-02
  -1.6049102e-02
  -1.5701589e-02
  -1.5198914e-02
  -1.4551978e-02
  -1.3774704e-02
  -1.2883517e-02
  -1.1896781e-02
  -1.0834212e-02
  -9.7163081e-03
  -8.5637939e-03
  -7.3971146e-03
  -6.2359799e-03
  -5.0989684e-03
  -4.0031965e-03
  -2.9640536e-03
  -1.9950020e-03
  -1.1074388e-03
  -3.1061654e-04
   3.8838457e-04
   9.8463782e-04
   1.4753119e-03
   1.8595804e-03
   2.1385049e-03
   2.3148998e-03
   2.3931826e-03
   2.3792168e-03
   2.2801508e-03
   2.1042566e-03
   1.8607720e-03
   1.5597466e-03
   1.2118940e-03
   8.2845051e-04
   4.2103864e-04
   1.5365013e-06
  -4.1804999e-04
  -8.2571291e-04
  -1.2095681e-03
  -1.5579830e-03
  -1.8597076e-03
  -2.1040105e-03
  -2.2808210e-03
  -2.3808772e-03
  -2.3958793e-03
  -2.3186492e-03
  -2.1432909e-03
  -1.8653532e-03
  -1.4819864e-03
  -9.9209337e-04
  -3.9646499e-04
   3.0210195e-04
   1.0987135e-03
   1.9863197e-03
   2.9556945e-03
   3.9954627e-03
   5.0921787e-03
   6.2304632e-03
   7.3932023e-03
   8.5618118e-03
   9.7165677e-03
   1.0837000e-02
   1.1902350e-02
   1.2892075e-02
   1.3786402e-02
   1.4566902e-02
   1.5217073e-02
   1.5722907e-02
   1.6073409e-02
   1.6261034e-02
   1.6282005e-02
   1.6136469e-02
   1.5828487e-02
   1.5365829e-02
   1.4759630e-02
   1.4023916e-02
   1.3175063e-02
   1.2231203e-02
   1.1211626e-02
   1.0136191e-02
   9.0247731e-03
   7.8967579e-03
   6.7705978e-03
   5.6634373e-03
   4.5908106e-03
   3.5664138e-03
   2.6019498e-03
   1.7070435e-03
   8.8922122e-04
   1.5394842e-04
  -4.9528187e-04
  -1.0568181e-03
  -1.5306853e-03
  -1.9183944e-03
  -2.2227351e-03
  -2.4475593e-03
  -2.5975635e-03
  -2.6780765e-03
  -2.6948589e-03
  -2.6539187e-03
  -2.5613483e-03
  -2.4231852e-03
  -2.2452992e-03
  -2.0333069e-03
  -1.7925143e-03
  -1.5278860e-03
  -1.2440407e-03
  -9.4526971e-04
  -6.3557675e-04
  -3.1873429e-04
   1.6464280e-06
   3.2203639e-04
   6.3890526e-04
   9.4863786e-04
   1.2474553e-03
   1.5313452e-03
   1.7960054e-03
   2.0368048e-03
   2.2487653e-03
   2.4265665e-03
   2.5645770e-03
   2.6569129e-03
   2.6975230e-03
   2.6803031e-03
   2.5992354e-03
   2.4485524e-03
   2.2229215e-03
   1.9176464e-03
   1.5288797e-03
   1.0538412e-03
   4.9103409e-04
  -1.5954679e-04
  -8.9622487e-04
  -1.7154768e-03
  -2.6118015e-03
  -3.5776327e-03
  -4.6033009e-03
  -5.6770553e-03
  -6.7851496e-03
  -7.9119977e-03
  -9.0404030e-03
  -1.0151862e-02
  -1.1226941e-02
  -1.2245722e-02
  -1.3188307e-02
  -1.4035378e-02
  -1.4768781e-02
  -1.5372135e-02
  -1.5831416e-02
  -1.6135511e-02
  -1.6276684e-02
  -1.6250930e-02
  -1.6058172e-02
  -1.5702277e-02
  -1.5190900e-02
  -1.4535162e-02
  -1.3749214e-02
  -1.2849717e-02
  -1.1855272e-02
  -1.0785835e-02
  -9.6621374e-03
  -8.5051296e-03
  -7.3354707e-03
  -6.1730670e-03
  -5.0366717e-03
  -3.9435480e-03
  -2.9091994e-03
  -1.9471630e-03
  -1.0688668e-03
  -2.8354440e-04
   4.0179810e-04
   9.8236738e-04
   1.4555289e-03
   1.8207192e-03
   2.0793310e-03
   2.2345780e-03
   2.2913446e-03
   2.2560255e-03
   2.1363600e-03
   1.9412641e-03
   1.6806633e-03
   1.3653280e-03
   1.0067123e-03
   6.1679688e-04
   2.0793604e-04
  -2.0729279e-04
  -6.1623712e-04
  -1.0063170e-03
  -1.3651731e-03
  -1.6808173e-03
  -1.9417857e-03
  -2.1372961e-03
  -2.2574090e-03
  -2.2931929e-03
  -2.2368914e-03
  -2.0820917e-03
  -1.8238903e-03
  -1.4590544e-03
  -9.8617171e-04
  -4.0578703e-04
   2.7948295e-04
   1.0648613e-03
   1.9433560e-03
   2.9057455e-03
   3.9406103e-03
   5.0344182e-03
   6.1716669e-03
   7.3350893e-03
   8.5059238e-03
   9.6642502e-03
   1.0789390e-02
   1.1860368e-02
   1.2856422e-02
   1.3757561e-02
   1.4545142e-02
   1.5202458e-02
   1.5715307e-02
   1.6072516e-02
   1.6266374e-02
   1.6292956e-02
   1.6152283e-02
   1.5848305e-02
   1.5388705e-02
   1.4784550e-02
   1.4049822e-02
   1.3200874e-02
   1.2255836e-02
   1.1234021e-02
   1.0155331e-02
   9.0397072e-03
   7.9066224e-03
   6.7746385e-03
   5.6610296e-03
   4.5814792e-03
   3.5498508e-03
   2.5780315e-03
   1.6758452e-03
   8.5102890e-04
   1.0926829e-04
  -5.4571776e-04
  -1.1120501e-03
  -1.5895286e-03
  -1.9794471e-03
  -2.2843909e-03
  -2.5080266e-03
  -2.6548901e-03
  -2.7301816e-03
  -2.7395704e-03
  -2.6890177e-03
  -2.5846198e-03
  -2.4324744e-03
  -2.2385732e-03
  -2.0087206e-03
  -1.7484802e-03
  -1.4631457e-03
  -1.1577373e-03
  -8.3701954e-04
  -5.0553782e-04
  -1.6767008e-04
   1.7231020e-04
   5.1016435e-04
   8.4161654e-04
   1.1622842e-03
   1.4676153e-03
   1.7528368e-03
   2.0129186e-03
   2.2425557e-03
   2.4361734e-03
   2.5879552e-03
   2.6918986e-03
   2.7418960e-03
   2.7318429e-03
   2.6557724e-03
   2.5080123e-03
   2.2833636e-03
   1.9772951e-03
   1.5861498e-03
   1.1073566e-03
   5.3964139e-04
  -1.1677115e-04
  -8.5997187e-04
  -1.6862069e-03
  -2.5897510e-03
  -3.5628231e-03
  -4.5955522e-03
  -5.6760015e-03
  -6.7902560e-03
  -7.9225810e-03
  -9.0556518e-03
  -1.0170859e-02
  -1.1248687e-02
  -1.2269158e-02
  -1.3212340e-02
  -1.4058902e-02
  -1.4790706e-02
  -1.5391406e-02
  -1.5847041e-02
  -1.6146581e-02
  -1.6282397e-02
  -1.6250613e-02
  -1.6051300e-02
  -1.5688493e-02
  -1.5170031e-02
  -1.4507233e-02
  -1.3714462e-02
  -1.2808599e-02
  -1.1808471e-02
  -1.0734258e-02
  -9.6069172e-03
  -8.4476135e-03
  -7.2772085e-03
  -6.1157915e-03
  -4.9822737e-03
  -3.8940454e-03
  -2.8666993e-03
  -1.9138185e-03
  -1.0468271e-03
  -2.7489963e-04
   3.9507676e-04
   9.5849222e-04
   1.4129632e-03
   1.7582465e-03
   1.9961255e-03
   2.1302733e-03
   2.1661000e-03
   2.1105872e-03
   1.9721157e-03
   1.7602881e-03
   1.4857510e-03
   1.1600158e-03
   7.9528304e-04
   4.0426699e-04
   2.3342935e-08
  -4.0422197e-04
  -7.9524299e-04
  -1.1599839e-03
  -1.4857301e-03
  -1.7602810e-03
  -1.9721245e-03
  -2.1106138e-03
  -2.1661457e-03
  -2.1303388e-03
  -1.9962107e-03
  -1.7583509e-03
  -1.4130854e-03
  -9.5863026e-04
  -3.9522776e-04
   2.7473917e-04
   1.0466614e-03
   1.9136523e-03
   2.8665381e-03
   3.8938951e-03
   4.9821404e-03
   6.1156818e-03
   7.2771290e-03
   8.4475707e-03
   9.6069173e-03
   1.0734307e-02
   1.1808573e-02
   1.2808761e-02
   1.3714685e-02
   1.4507519e-02
   1.5170381e-02
   1.5688906e-02
   1.6051773e-02
   1.6251141e-02
   1.6282972e-02
   1.6147194e-02
   1.5847681e-02
   1.5392059e-02
   1.4791357e-02
   1.4059532e-02
   1.3212930e-02
   1.2269688e-02
   1.1249135e-02
   1.0171202e-02
   9.0558669e-03
   7.9226467e-03
   6.7901516e-03
   5.6757077e-03
   4.5950527e-03
   3.5621047e-03
   2.5888047e-03
   1.6850284e-03
   8.5856256e-04
   1.1513858e-04
  -5.4148284e-04
  -1.1093853e-03
  -1.5883362e-03
  -1.9796021e-03
  -2.2857459e-03
  -2.5104171e-03
  -2.6581394e-03
  -2.7341053e-03
  -2.7439811e-03
  -2.6937292e-03
  -2.5894508e-03
  -2.4372521e-03
  -2.2431362e-03
  -2.0129221e-03
  -1.7521898e-03
  -1.4662517e-03
  -1.1601485e-03
  -8.3866641e-04
  -5.0637328e-04
  -1.6767039e-04
   1.7314521e-04
   5.1181123e-04
   8.4402859e-04
   1.1653921e-03
   1.4713279e-03
   1.7570428e-03
   2.0174877e-03
   2.2473411e-03
   2.4410137e-03
   2.5926777e-03
   2.6963218e-03
   2.7458333e-03
   2.7351067e-03
   2.6581780e-03
   2.5093825e-03
   2.2835334e-03
   1.9761166e-03
   1.5834973e-03
   1.1031318e-03
   5.3377835e-04
  -1.2430108e-04
  -8.6915552e-04
  -1.6969852e-03
  -2.6020154e-03
  -3.5764129e-03
  -4.6102527e-03
  -5.6915433e-03
  -6.8063155e-03
  -7.9387821e-03
  -9.0715700e-03
  -1.0186026e-02
  -1.1262597e-02
  -1.2281277e-02
  -1.3222115e-02
  -1.4065776e-02
  -1.4794127e-02
  -1.5390847e-02
  -1.5842012e-02
  -1.6136651e-02
  -1.6267210e-02
  -1.6229906e-02
  -1.6024922e-02
  -1.5656424e-02
  -1.5132399e-02
  -1.4464329e-02
  -1.3666752e-02
  -1.2756733e-02
  -1.1753293e-02
  -1.0676807e-02
  -9.5484223e-03
  -8.3894884e-03
  -7.2210371e-03
  -6.0633080e-03
  -4.9353362e-03
  -3.8546031e-03
  -2.8367524e-03
  -1.8953724e-03
  -1.0418404e-03
  -2.8522592e-04
   3.6775095e-04
   9.1271371e-04
   1.3475808e-03
   1.6724808e-03
   1.8896379e-03
   2.0032330e-03
   2.0192459e-03
   1.9452840e-03
   1.7904009e-03
   1.5649079e-03
   1.2801828e-03
   9.4847594e-04
   5.8271624e-04
   1.9631697e-04
  -1.9701761e-04
  -5.8348535e-04
  -9.4937916e-04
  -1.2812801e-03
  -1.5662512e-03
  -1.7920313e-03
  -1.9472296e-03
  -2.0215197e-03
  -2.0058316e-03
  -1.8925400e-03
  -1.6756463e-03
  -1.3509505e-03
  -9.1620975e-04
  -3.7127701e-04
   2.8178308e-04
   1.0386092e-03
   1.8924941e-03
   2.8343778e-03
   3.8528895e-03
   4.9344431e-03
   6.0633923e-03
   7.2222486e-03
   8.3919643e-03
   9.5522815e-03
   1.0682145e-02
   1.1760175e-02
   1.2765190e-02
   1.3676774e-02
   1.4475861e-02
   1.5145338e-02
   1.5670614e-02
   1.6040150e-02
   1.6245904e-02
   1.6283656e-02
   1.6153166e-02
   1.5858166e-02
   1.5406165e-02
   1.4808095e-02
   1.4077848e-02
   1.3231727e-02
   1.2287856e-02
   1.1265579e-02
   1.0184868e-02
   9.0657703e-03
   7.9278969e-03
   6.7899790e-03
   5.6694871e-03
   4.5823253e-03
   3.5425983e-03
   2.5624514e-03
   1.6519789e-03
   8.1919691e-04
   7.0073675e-05
  -5.9139096e-04
  -1.1630437e-03
  -1.6444227e-03
  -2.0365786e-03
  -2.3418782e-03
  -2.5638002e-03
  -2.7067306e-03
  -2.7757625e-03
  -2.7765087e-03
  -2.7149293e-03
  -2.5971807e-03
  -2.4294869e-03
  -2.2180356e-03
  -1.9689001e-03
  -1.6879869e-03
  -1.3810074e-03
  -1.0534723e-03
  -7.1070630e-04
  -3.5787882e-04
  -4.8666684e-08
   3.5778303e-04
   7.1061513e-04
   1.0533888e-03
   1.3809343e-03
   1.6879270e-03
   1.9688558e-03
   2.2180092e-03
   2.4294802e-03
   2.5971952e-03
   2.7149661e-03
   2.7765684e-03
   2.7758453e-03
   2.7068359e-03
   2.5639271e-03
   2.3420250e-03
   2.0367430e-03
   1.6446018e-03
   1.1632338e-03
   5.9158807e-04
  -6.9874426e-05
  -8.1900086e-04
  -1.6517918e-03
  -2.5622795e-03
  -3.5424482e-03
  -4.5822035e-03
  -5.6694004e-03
  -6.7899340e-03
  -7.9278998e-03
  -9.0658268e-03
  -1.0184983e-02
  -1.1265757e-02
  -1.2288100e-02
  -1.3232038e-02
  -1.4078227e-02
  -1.4808540e-02
  -1.5406672e-02
  -1.5858730e-02
  -1.6153778e-02
  -1.6284307e-02
  -1.6246582e-02
  -1.6040840e-02
  -1.5671299e-02
  -1.5146001e-02
  -1.4476480e-02
  -1.3677327e-02
  -1.2765655e-02
  -1.1760528e-02
  -1.0682363e-02
  -9.5523417e-03
  -8.3918449e-03
  -7.2219300e-03
  -6.0628575e-03
  -4.9336786e-03
  -3.8518863e-03
  -2.8331318e-03
  -1.8910071e-03
  -1.0368895e-03
  -2.7984626e-04
   3.7340784e-04
   9.1850341e-04
   1.3533677e-03
   1.6781392e-03
   1.8950530e-03
   2.0083014e-03
   2.0238762e-03
   1.9493965e-03
   1.7939278e-03
   1.5677931e-03
   1.2823819e-03
   9.4995594e-04
   5.8345515e-04
   1.9630394e-04
  -1.9778244e-04
  -5.8499086e-04
  -9.5160316e-04
  -1.2841892e-03
  -1.5698006e-03
  -1.7961647e-03
  -1.9518788e-03
  -2.0266047e-03
  -2.0112604e-03
  -1.8982088e-03
  -1.6814399e-03
  -1.3567429e-03
  -9.2186476e-04
  -3.7664981e-04
   2.7684443e-04
   1.0342617e-03
   1.8888973e-03
   2.8316909e-03
   3.8512679e-03
   4.9340346e-03
   6.0643330e-03
   7.2246582e-03
   8.3959416e-03
   9.5578993e-03
   1.0689445e-02
   1.1769163e-02
   1.2775833e-02
   1.3688991e-02
   1.4489526e-02
   1.5160271e-02
   1.5686583e-02
   1.6056868e-02
   1.6263032e-02
   1.6300800e-02
   1.6169885e-02
   1.5873975e-02
   1.5420542e-02
   1.4820490e-02
   1.4087693e-02
   1.3238449e-02
   1.2290891e-02
   1.1264389e-02
   1.0178955e-02
   9.0546978e-03
   7.9113073e-03
   6.7676132e-03
   5.6412040e-03
   4.5481205e-03
   3.5026216e-03
   2.5170226e-03
   1.6016010e-03
   7.6456671e-04
   1.2087846e-05
  -6.5163356e-04
  -1.2242450e-03
  -1.7050942e-03
  -2.0950557e-03
  -2.3963415e-03
  -2.6123037e-03
  -2.7472363e-03
  -2.8061824e-03
  -2.7947532e-03
  -2.7189622e-03
  -2.5850796e-03
  -2.3995087e-03
  -2.1686857e-03
  -1.8990042e-03
  -1.5967635e-03
  -1.2681401e-03
  -9.1917896e-04
  -5.5580324e-04
  -1.8383870e-04
   1.9095160e-04
   5.6282581e-04
   9.2601971e-04
   1.2747053e-03
   1.6029563e-03
   1.9047240e-03
   2.1738281e-03
   2.4039655e-03
   2.5887392e-03
   2.7217114e-03
   2.7964785e-03
   2.8067725e-03
   2.7465846e-03
   2.6103123e-03
   2.3929244e-03
   2.0901434e-03
   1.6986381e-03
   1.2162221e-03
   6.4205114e-04
  -2.3187624e-05
  -7.7710239e-04
  -1.6154480e-03
  -2.5320098e-03
  -3.5185293e-03
  -4.5646785e-03
  -5.6580920e-03
  -6.7844615e-03
  -7.9276997e-03
  -9.0701759e-03
  -1.0193025e-02
  -1.1276527e-02
  -1.2300558e-02
  -1.3245097e-02
  -1.4090781e-02
  -1.4819500e-02
  -1.5414993e-02
  -1.5863443e-02
  -1.6154018e-02
  -1.6279340e-02
  -1.6235833e-02
  -1.6023914e-02
  -1.5648005e-02
  -1.5116363e-02
  -1.4440760e-02
  -1.3636024e-02
  -1.2719516e-02
  -1.1710545e-02
  -1.0629767e-02
  -9.4985909e-03
  -8.3386045e-03
  -7.1710475e-03
  -6.0163308e-03
  -4.8936168e-03
  -3.8204641e-03
  -2.8125380e-03
  -1.8833865e-03
  -1.0442804e-03
  -3.0411275e-04
   3.3064618e-04
   8.5594427e-04
   1.2700992e-03
   1.5737120e-03
   1.7695494e-03
   1.8623994e-03
   1.8589063e-03
   1.7673898e-03
   1.5976515e-03
   1.3607731e-03
   1.0689085e-03
   7.3507221e-04
   3.7292503e-04
  -3.4409157e-06
  -3.7971835e-04
  -7.4160099e-04
  -1.0749998e-03
  -1.3662590e-03
  -1.6023715e-03
  -1.7711930e-03
  -1.8616537e-03
  -1.8639666e-03
  -1.7698294e-03
  -1.5726176e-03
  -1.2675663e-03
  -8.5193455e-04
  -3.2515008e-04
   3.1107327e-04
   1.0526493e-03
   1.8930715e-03
   2.8234085e-03
   3.8323500e-03
   4.9063078e-03
   6.0295766e-03
   7.1845588e-03
   8.3520550e-03
   9.5116207e-03
   1.0641987e-02
   1.1721542e-02
   1.2728861e-02
   1.3643280e-02
   1.4445491e-02
   1.5118146e-02
   1.5646439e-02
   1.6018638e-02
   1.6226536e-02
   1.6265776e-02
   1.6136021e-02
   1.5840940e-02
   1.5388018e-02
   1.4788206e-02
   1.4055453e-02
   1.3206159e-02
   1.2258581e-02
   1.1232233e-02
   1.0147285e-02
   9.0240112e-03
   7.8822689e-03
   6.7410514e-03
   5.6180995e-03
   4.5295883e-03
   3.4898864e-03
   2.5113874e-03
   1.6044099e-03
   7.7716131e-04
   3.5759111e-05
  -6.1569767e-04
  -1.1750150e-03
  -1.6417566e-03
  -2.0170706e-03
  -2.3034997e-03
  -2.5047807e-03
  -2.6256417e-03
  -2.6716037e-03
  -2.6487908e-03
  -2.5637547e-03
  -2.4233171e-03
  -2.2344325e-03
  -2.0040728e-03
  -1.7391355e-03
  -1.4463745e-03
  -1.1323522e-03
  -8.0341338e-04
  -4.6567517e-04
  -1.2503373e-04
   2.1281820e-04
   5.4236513e-04
   8.5823824e-04
   1.1551840e-03
   1.4280360e-03
   1.6716930e-03
   1.8811070e-03
   2.0512835e-03
   2.1772970e-03
   2.2543223e-03
   2.2776838e-03
   2.2429214e-03
   2.1458742e-03
   1.9827792e-03
   1.7503831e-03
   1.4460645e-03
   1.0679617e-03
   6.1510258e-04
   8.7530442e-05
  -5.1357931e-04
  -1.1858184e-03
  -1.9254667e-03
  -2.7274414e-03
  -3.5852809e-03
  -4.4911684e-03
  -5.4360009e-03
  -6.4095064e-03
  -7.4004130e-03
  -8.3966697e-03
  -9.3857184e-03
  -1.0354812e-02
  -1.1291376e-02
  -1.2183395e-02
  -1.3019825e-02
  -1.3791001e-02
  -1.4489022e-02
  -1.5108100e-02
  -1.5644817e-02
  -1.6098285e-02
  -1.6470156e-02
  -1.6764477e-02
  -1.6987393e-02
  -1.7146727e-02
  -1.7251480e-02
  -1.7311294e-02
  -1.7335924e-02
  -1.7334747e-02
