  -5.3179685e-02
  -6.4826969e-02
  -7.7015020e-02
  -8.9608871e-02
  -1.0245967e-01
  -1.1540777e-01
  -1.2828647e-01
  -1.4092615e-01
  -1.5315890e-01
  -1.6482328e-01
  -1.7576913e-01
  -1.8586215e-01
  -1.9498781e-01
  -2.0305438e-01
  -2.0999454e-01
  -2.1576501e-01
  -2.2034387e-01
  -2.2372525e-01
  -2.2591220e-01
  -2.2690917e-01
  -2.2671628e-01
  -2.2532661e-01
  -2.2272705e-01
  -2.1890187e-01
  -2.1383797e-01
  -2.0753049e-01
  -1.9998744e-01
  -1.9123248e-01
  -1.8130550e-01
  -1.7026185e-01
  -1.5817150e-01
  -1.4511856e-01
  -1.3120096e-01
  -1.1652930e-01
  -1.0122446e-01
  -8.5414287e-02
  -6.9230198e-02
  -5.2804162e-02
  -3.6265708e-02
  -1.9738706e-02
  -3.3382109e-03
   1.2831950e-02
   2.8680572e-02
   4.4129830e-02
   5.9115749e-02
   7.3588148e-02
   8.7509373e-02
   1.0085164e-01
   1.1359370e-01
   1.2571803e-01
   1.3720909e-01
   1.4805252e-01
   1.5823430e-01
   1.6773949e-01
   1.7655111e-01
   1.8465000e-01
   1.9201601e-01
   1.9862992e-01
   2.0447493e-01
   2.0953695e-01
   2.1380382e-01
   2.1726469e-01
   2.1991047e-01
   2.2173646e-01
   2.2274684e-01
   2.2296004e-01
   2.2241296e-01
   2.2116282e-01
   2.1928615e-01
   2.1687530e-01
   2.1403313e-01
   2.1086656e-01
   2.0747965e-01
   2.0396678e-01
   2.0040623e-01
   1.9685479e-01
   1.9334352e-01
   1.8987498e-01
   1.8642200e-01
   1.8292826e-01
   1.7931037e-01
   1.7546179e-01
   1.7125803e-01
   1.6656331e-01
   1.6123813e-01
   1.5514759e-01
   1.4816992e-01
   1.4020491e-01
   1.3118159e-01
   1.2106462e-01
   1.0985877e-01
   9.7610822e-02
   8.4408183e-02
   7.0374103e-02
   5.5659887e-02
   4.0435801e-02
   2.4882615e-02
   9.1853292e-03
  -6.4704812e-03
  -2.1900137e-02
  -3.6919991e-02
  -5.1347178e-02
  -6.4999955e-02
  -7.7699567e-02
  -8.9274470e-02
  -9.9567321e-02
  -1.0844423e-01
  -1.1580476e-01
  -1.2159051e-01
  -1.2579080e-01
  -1.2844466e-01
  -1.2963948e-01
  -1.2950675e-01
  -1.2821560e-01
  -1.2596466e-01
  -1.2297276e-01
  -1.1946903e-01
  -1.1568277e-01
  -1.1183344e-01
  -1.0812120e-01
  -1.0471828e-01
  -1.0176130e-01
  -9.9345003e-02
  -9.7517261e-02
  -9.6275764e-02
  -9.5566300e-02
  -9.5282750e-02
  -9.5268802e-02
  -9.5321369e-02
  -9.5195636e-02
  -9.4611669e-02
  -9.3262427e-02
  -9.0823044e-02
  -8.6961154e-02
  -8.1348040e-02
  -7.3670324e-02
  -6.3641909e-02
  -5.1015818e-02
  -3.5595584e-02
  -1.7245779e-02
   4.0987222e-03
   2.8425180e-02
   5.5637577e-02
   8.5553813e-02
   1.1790594e-01
   1.5234389e-01
   1.8844311e-01
   2.2571632e-01
   2.6362928e-01
   3.0161944e-01
   3.3911531e-01
   3.7555427e-01
   4.1039717e-01
   4.4313951e-01
   4.7331940e-01
   5.0052271e-01
   5.2438642e-01
   5.4460125e-01
   5.6091508e-01
   5.7313715e-01
   5.8114243e-01
   5.8487487e-01
   5.8434857e-01
   5.7964616e-01
   5.7091495e-01
   5.5836146e-01
   5.4224479e-01
   5.2286887e-01
   5.0057368e-01
   4.7572597e-01
   4.4870963e-01
   4.1991648e-01
   3.8973742e-01
   3.5855409e-01
   3.2673145e-01
   2.9461168e-01
   2.6251018e-01
   2.3071391e-01
   1.9948191e-01
   1.6904700e-01
   1.3961804e-01
   1.1138174e-01
   8.4503296e-02
   5.9125746e-02
   3.5368429e-02
   1.3325111e-02
  -6.9375051e-03
  -2.5380332e-02
  -4.1991273e-02
  -5.6783720e-02
  -6.9794994e-02
  -8.1085507e-02
  -9.0738935e-02
  -9.8863126e-02
  -1.0559112e-01
  -1.1108153e-01
  -1.1551763e-01
  -1.1910470e-01
  -1.2206578e-01
  -1.2463632e-01
  -1.2705831e-01
  -1.2957394e-01
  -1.3241853e-01
  -1.3581283e-01
  -1.3995508e-01
  -1.4501344e-01
  -1.5111965e-01
  -1.5836436e-01
  -1.6679448e-01
  -1.7641214e-01
  -1.8717469e-01
  -1.9899539e-01
  -2.1174458e-01
  -2.2525179e-01
  -2.3930889e-01
  -2.5367451e-01
  -2.6807982e-01
  -2.8223577e-01
  -2.9584149e-01
  -3.0859405e-01
  -3.2019894e-01
  -3.3038111e-01
  -3.3889607e-01
  -3.4554037e-01
  -3.5016084e-01
  -3.5266173e-01
  -3.5300946e-01
  -3.5123507e-01
  -3.4743505e-01
  -3.4177154e-01
  -3.3447139e-01
  -3.2582388e-01
  -3.1617654e-01
  -3.0592976e-01
  -2.9553113e-01
  -2.8546971e-01
  -2.7626950e-01
  -2.6848085e-01
  -2.6266884e-01
  -2.5939843e-01
  -2.5921738e-01
  -2.6263775e-01
  -2.7011718e-01
  -2.8204076e-01
  -2.9870447e-01
  -3.2030085e-01
  -3.4690762e-01
  -3.7847973e-01
  -4.1484529e-01
  -4.5570576e-01
  -5.0064038e-01
  -5.4911509e-01
  -6.0049564e-01
  -6.5406475e-01
  -7.0904257e-01
  -7.6461007e-01
  -8.1993415e-01
  -8.7419340e-01
  -9.2660319e-01
  -9.7643821e-01
  -1.0230512e+00
  -1.0658869e+00
  -1.1044904e+00
  -1.1385119e+00
  -1.1677058e+00
  -1.1919273e+00
  -1.2111251e+00
  -1.2253323e+00
  -1.2346552e+00
  -1.2392611e+00
  -1.2393658e+00
  -1.2352190e+00
  -1.2270914e+00
  -1.2152614e+00
  -1.2000025e+00
  -1.1815731e+00
  -1.1602088e+00
  -1.1361179e+00
  -1.1094807e+00
  -1.0804499e+00
  -1.0491515e+00
  -1.0156865e+00
  -9.8013134e-01
  -9.4253906e-01
  -9.0293898e-01
  -8.6133606e-01
  -8.1770929e-01
  -7.7201037e-01
  -7.2416363e-01
  -6.7406759e-01
  -6.2159749e-01
  -5.6660807e-01
  -5.0893600e-01
  -4.4840224e-01
  -3.8481457e-01
  -3.1797044e-01
  -2.4766018e-01
  -1.7367044e-01
  -9.5788059e-02
  -1.3804690e-02
   7.2477114e-02
   1.6323612e-01
   2.5862310e-01
   3.5875063e-01
   4.6368235e-01
   5.7342255e-01
   6.8790625e-01
   8.0699014e-01
   9.3044465e-01
   1.0579470e+00
   1.1890753e+00
   1.3233051e+00
   1.4600085e+00
   1.5984592e+00
   1.7378415e+00
   1.8772654e+00
   2.0157834e+00
   2.1524084e+00
   2.2861318e+00
   2.4159403e+00
   2.5408337e+00
   2.6598438e+00
   2.7720527e+00
   2.8766111e+00
   2.9727537e+00
   3.0598105e+00
   3.1372150e+00
   3.2045072e+00
   3.2613356e+00
   3.3074552e+00
   3.3427253e+00
   3.3671029e+00
   3.3806349e+00
   3.3834458e+00
   3.3757251e+00
   3.3577136e+00
   3.3296907e+00
   3.2919619e+00
   3.2448494e+00
   3.1886824e+00
   3.1237912e+00
   3.0505008e+00
   2.9691265e+00
   2.8799704e+00
   2.7833196e+00
   2.6794444e+00
   2.5685986e+00
   2.4510196e+00
   2.3269299e+00
   2.1965408e+00
   2.0600575e+00
   1.9176846e+00
   1.7696320e+00
   1.6161188e+00
   1.4573754e+00
   1.2936439e+00
   1.1251781e+00
   9.5224193e-01
   7.7510869e-01
   5.9405887e-01
   4.0937801e-01
   2.2135437e-01
   3.0276809e-02
  -1.6356695e-01
  -3.5989155e-01
  -5.5841492e-01
  -7.5885867e-01
  -9.6094828e-01
  -1.1644126e+00
  -1.3689827e+00
  -1.5743887e+00
  -1.7803558e+00
  -1.9865970e+00
  -2.1928056e+00
  -2.3986461e+00
  -2.6037466e+00
  -2.8076907e+00
  -3.0100111e+00
  -3.2101853e+00
  -3.4076337e+00
  -3.6017209e+00
  -3.7917590e+00
  -3.9770127e+00
  -4.1567058e+00
  -4.3300285e+00
  -4.4961472e+00
  -4.6542134e+00
  -4.8033752e+00
  -4.9427861e+00
  -5.0716131e+00
  -5.1890447e+00
  -5.2942977e+00
  -5.3866245e+00
  -5.4653196e+00
  -5.5297244e+00
  -5.5792306e+00
  -5.6132820e+00
  -5.6313758e+00
  -5.6330633e+00
  -5.6179507e+00
  -5.5857003e+00
  -5.5360320e+00
  -5.4687253e+00
  -5.3836217e+00
  -5.2806265e+00
  -5.1597107e+00
  -5.0209122e+00
  -4.8643353e+00
  -4.6901500e+00
  -4.4985918e+00
  -4.2899607e+00
  -4.0646207e+00
  -3.8229978e+00
  -3.5655797e+00
  -3.2929141e+00
  -3.0056094e+00
  -2.7043356e+00
  -2.3898264e+00
  -2.0628810e+00
  -1.7243665e+00
  -1.3752180e+00
  -1.0164383e+00
  -6.4909458e-01
  -2.7431377e-01
   1.0672401e-01
   4.9279265e-01
   8.8262667e-01
   1.2749266e+00
   1.6683632e+00
   2.0615823e+00
   2.4532100e+00
   2.8418605e+00
   3.2261454e+00
   3.6046843e+00
   3.9761162e+00
   4.3391096e+00
   4.6923708e+00
   5.0346505e+00
   5.3647487e+00
   5.6815174e+00
   5.9838626e+00
   6.2707455e+00
   6.5411809e+00
   6.7942358e+00
   7.0290255e+00
   7.2447120e+00
   7.4405012e+00
   7.6156420e+00
   7.7694251e+00
   7.9011821e+00
   8.0102845e+00
   8.0961442e+00
   8.1582135e+00
   8.1959867e+00
   8.2090020e+00
   8.1968457e+00
   8.1591560e+00
   8.0956282e+00
   8.0060213e+00
   7.8901635e+00
   7.7479581e+00
   7.5793892e+00
   7.3845269e+00
   7.1635325e+00
   6.9166650e+00
   6.6442858e+00
   6.3468636e+00
   6.0249786e+00
   5.6793262e+00
   5.3107205e+00
   4.9200977e+00
   4.5085190e+00
   4.0771722e+00
   3.6273712e+00
   3.1605545e+00
   2.6782799e+00
   2.1822180e+00
   1.6741437e+00
   1.1559262e+00
   6.2951784e-01
   9.6941049e-02
  -4.3972405e-01
  -9.7835248e-01
  -1.5167866e+00
  -2.0528483e+00
  -2.5843520e+00
  -3.1091170e+00
  -3.6249795e+00
  -4.1298027e+00
  -4.6214859e+00
  -5.0979744e+00
  -5.5572712e+00
  -5.9974495e+00
  -6.4166659e+00
  -6.8131744e+00
  -7.1853373e+00
  -7.5316360e+00
  -7.8506786e+00
  -8.1412052e+00
  -8.4020910e+00
  -8.6323476e+00
  -8.8311238e+00
  -8.9977071e+00
  -9.1315261e+00
  -9.2321533e+00
  -9.2993072e+00
  -9.3328524e+00
  -9.3327993e+00
  -9.2993043e+00
  -9.2326702e+00
  -9.1333498e+00
  -9.0019491e+00
  -8.8392288e+00
  -8.6461027e+00
  -8.4236303e+00
  -8.1730048e+00
  -7.8955376e+00
  -7.5926408e+00
  -7.2658095e+00
  -6.9166036e+00
  -6.5466326e+00
  -6.1575426e+00
  -5.7510058e+00
  -5.3287128e+00
  -4.8923673e+00
  -4.4436815e+00
  -3.9843748e+00
  -3.5161749e+00
  -3.0408201e+00
  -2.5600607e+00
  -2.0756600e+00
  -1.5893915e+00
  -1.1030337e+00
  -6.1836301e-01
  -1.3714607e-01
   3.3886764e-01
   8.0795133e-01
   1.2684059e+00
   1.7185656e+00
   2.1568043e+00
   2.5815431e+00
   2.9912582e+00
   3.3844884e+00
   3.7598429e+00
   4.1160107e+00
   4.4517694e+00
   4.7659967e+00
   5.0576808e+00
   5.3259335e+00
   5.5700026e+00
   5.7892850e+00
   5.9833387e+00
   6.1518933e+00
   6.2948568e+00
   6.4123202e+00
   6.5045564e+00
   6.5720179e+00
   6.6153302e+00
   6.6352833e+00
   6.6328212e+00
   6.6090277e+00
   6.5651096e+00
   6.5023783e+00
   6.4222302e+00
   6.3261248e+00
   6.2155635e+00
   6.0920667e+00
   5.9571523e+00
   5.8123163e+00
   5.6590162e+00
   5.4986576e+00
   5.3325833e+00
   5.1620639e+00
   4.9882893e+00
   4.8123602e+00
   4.6352796e+00
   4.4579445e+00
   4.2811390e+00
   4.1055288e+00
   3.9316584e+00
   3.7599497e+00
   3.5907041e+00
   3.4241053e+00
   3.2602253e+00
   3.0990305e+00
   2.9403896e+00
   2.7840812e+00
   2.6298031e+00
   2.4771816e+00
   2.3257818e+00
   2.1751174e+00
   2.0246606e+00
   1.8738522e+00
   1.7221101e+00
   1.5688383e+00
   1.4134350e+00
   1.2553010e+00
   1.0938474e+00
   9.2850301e-01
   7.5872089e-01
   5.8398474e-01
   4.0381480e-01
   2.1777428e-01
   2.5476186e-02
  -1.7340961e-01
  -3.7915004e-01
  -5.9194377e-01
  -8.1191753e-01
  -1.0391237e+00
  -1.2735384e+00
  -1.5150603e+00
  -1.7635080e+00
  -2.0186180e+00
  -2.2800397e+00
  -2.5473313e+00
  -2.8199532e+00
  -3.0972620e+00
  -3.3785047e+00
  -3.6628140e+00
  -3.9492056e+00
  -4.2365768e+00
  -4.5237089e+00
  -4.8092702e+00
  -5.0918214e+00
  -5.3698213e+00
  -5.6416326e+00
  -5.9055280e+00
  -6.1596970e+00
  -6.4022544e+00
  -6.6312527e+00
  -6.8446975e+00
  -7.0405694e+00
  -7.2168501e+00
  -7.3715525e+00
  -7.5027531e+00
  -7.6086249e+00
  -7.6874686e+00
  -7.7377419e+00
  -7.7580840e+00
  -7.7473351e+00
  -7.7045505e+00
  -7.6290086e+00
  -7.5202157e+00
  -7.3779075e+00
  -7.2020503e+00
  -6.9928427e+00
  -6.7507162e+00
  -6.4763349e+00
  -6.1705953e+00
  -5.8346240e+00
  -5.4697750e+00
  -5.0776257e+00
  -4.6599705e+00
  -4.2188109e+00
  -3.7563430e+00
  -3.2749402e+00
  -2.7771335e+00
  -2.2655892e+00
  -1.7430859e+00
  -1.2124899e+00
  -6.7673042e-01
  -1.3877427e-01
   3.9839916e-01
   9.3182265e-01
   1.4585663e+00
   1.9757630e+00
   2.4806331e+00
   2.9705081e+00
   3.4428518e+00
   3.8952793e+00
   4.3255752e+00
   4.7317087e+00
   5.1118478e+00
   5.4643705e+00
   5.7878747e+00
   6.0811854e+00
   6.3433612e+00
   6.5736993e+00
   6.7717396e+00
   6.9372674e+00
   7.0703144e+00
   7.1711569e+00
   7.2403124e+00
   7.2785321e+00
   7.2867928e+00
   7.2662861e+00
   7.2184056e+00
   7.1447311e+00
   7.0470086e+00
   6.9271280e+00
   6.7870973e+00
   6.6290156e+00
   6.4550462e+00
   6.2673890e+00
   6.0682537e+00
   5.8598332e+00
   5.6442777e+00
   5.4236704e+00
   5.2000047e+00
   4.9751614e+00
   4.7508884e+00
   4.5287807e+00
   4.3102618e+00
   4.0965682e+00
   3.8887359e+00
   3.6875906e+00
   3.4937389e+00
   3.3075618e+00
   3.1292116e+00
   2.9586114e+00
   2.7954577e+00
   2.6392270e+00
   2.4891857e+00
   2.3444024e+00
   2.2037655e+00
   2.0660044e+00
   1.9297150e+00
   1.7933900e+00
   1.6554504e+00
   1.5142782e+00
   1.3682481e+00
   1.2157580e+00
   1.0552593e+00
   8.8528516e-01
   7.0447852e-01
   5.1161844e-01
   3.0564498e-01
   8.5681904e-02
  -1.4894381e-01
  -3.9868647e-01
  -6.6376980e-01
  -9.4417767e-01
  -1.2396465e+00
  -1.5496585e+00
  -1.8734370e+00
  -2.2099437e+00
  -2.5578798e+00
  -2.9156902e+00
  -3.2815724e+00
  -3.6534872e+00
  -4.0291737e+00
  -4.4061663e+00
  -4.7818177e+00
  -5.1533265e+00
  -5.5177691e+00
  -5.8721363e+00
  -6.2133716e+00
  -6.5384121e+00
  -6.8442299e+00
  -7.1278740e+00
  -7.3865096e+00
  -7.6174565e+00
  -7.8182251e+00
  -7.9865491e+00
  -8.1204160e+00
  -8.2180928e+00
  -8.2781480e+00
  -8.2994698e+00
  -8.2812813e+00
  -8.2231512e+00
  -8.1250027e+00
  -7.9871171e+00
  -7.8101352e+00
  -7.5950530e+00
  -7.3432139e+00
  -7.0562947e+00
  -6.7362883e+00
  -6.3854818e+00
  -6.0064308e+00
  -5.6019311e+00
  -5.1749863e+00
  -4.7287735e+00
  -4.2666091e+00
  -3.7919134e+00
  -3.3081749e+00
  -2.8189139e+00
  -2.3276433e+00
  -1.8378274e+00
  -1.3528407e+00
  -8.7592696e-01
  -4.1015945e-01
   4.1595282e-02
   4.7671107e-01
   8.9283151e-01
   1.2878951e+00
   1.6601560e+00
   2.0082017e+00
   2.3309668e+00
   2.6277441e+00
   2.8981937e+00
   3.1423479e+00
   3.3606119e+00
   3.5537574e+00
   3.7229090e+00
   3.8695240e+00
   3.9953646e+00
   4.1024635e+00
   4.1930825e+00
   4.2696647e+00
   4.3347812e+00
   4.3910744e+00
   4.4411978e+00
   4.4877557e+00
   4.5332417e+00
   4.5799808e+00
   4.6300749e+00
   4.6853542e+00
   4.7473374e+00
   4.8171984e+00
   4.8957415e+00
   4.9833841e+00
   5.0801461e+00
   5.1856457e+00
   5.2991030e+00
   5.4193496e+00
   5.5448447e+00
   5.6736994e+00
   5.8037069e+00
   5.9323798e+00
   6.0569950e+00
   6.1746437e+00
   6.2822866e+00
   6.3768121e+00
   6.4550954e+00
   6.5140588e+00
   6.5507309e+00
   6.5623047e+00
   6.5461924e+00
   6.5000746e+00
   6.4219446e+00
   6.3101450e+00
   6.1633979e+00
   5.9808286e+00
   5.7619829e+00
   5.5068408e+00
   5.2158246e+00
   4.8898039e+00
   4.5300950e+00
   4.1384545e+00
   3.7170664e+00
   3.2685216e+00
   2.7957896e+00
   2.3021825e+00
   1.7913118e+00
   1.2670381e+00
   7.3341599e-01
   1.9463348e-01
  -3.4505216e-01
  -8.8138033e-01
  -1.4101532e+00
  -1.9272998e+00
  -2.4289374e+00
  -2.9114273e+00
  -3.3714261e+00
  -3.8059284e+00
  -4.2123034e+00
  -4.5883233e+00
  -4.9321854e+00
  -5.2425274e+00
  -5.5184361e+00
  -5.7594482e+00
  -5.9655434e+00
  -6.1371306e+00
  -6.2750289e+00
  -6.3804441e+00
  -6.4549406e+00
  -6.5004091e+00
  -6.5190292e+00
  -6.5132258e+00
  -6.4856200e+00
  -6.4389750e+00
  -6.3761404e+00
  -6.2999943e+00
  -6.2133869e+00
  -6.1190855e+00
  -6.0197222e+00
  -5.9177466e+00
  -5.8153827e+00
  -5.7145900e+00
  -5.6170275e+00
  -5.5240222e+00
  -5.4365423e+00
  -5.3551771e+00
  -5.2801236e+00
  -5.2111816e+00
  -5.1477572e+00
  -5.0888741e+00
  -5.0331936e+00
  -4.9790422e+00
  -4.9244473e+00
  -4.8671801e+00
  -4.8048041e+00
  -4.7347291e+00
  -4.6542702e+00
  -4.5607103e+00
  -4.4513654e+00
  -4.3236510e+00
  -4.1751496e+00
  -4.0036770e+00
  -3.8073469e+00
  -3.5846300e+00
  -3.3344068e+00
  -3.0560104e+00
  -2.7492594e+00
  -2.4144786e+00
  -2.0525080e+00
  -1.6646990e+00
  -1.2528989e+00
  -8.1942345e-01
  -3.6701916e-01
   1.0118216e-01
   5.8171575e-01
   1.0708411e+00
   1.5646025e+00
   2.0588929e+00
   2.5495184e+00
   3.0322650e+00
   3.5029656e+00
   3.9575664e+00
   4.3921917e+00
   4.8032069e+00
   5.1872773e+00
   5.5414226e+00
   5.8630667e+00
   6.1500798e+00
   6.4008142e+00
   6.6141310e+00
   6.7894174e+00
   6.9265936e+00
   7.0261083e+00
   7.0889224e+00
   7.1164833e+00
   7.1106874e+00
   7.0738344e+00
   7.0085741e+00
   6.9178456e+00
   6.8048135e+00
   6.6727988e+00
   6.5252067e+00
   6.3654530e+00
   6.1968880e+00
   6.0227239e+00
   5.8459646e+00
   5.6693407e+00
   5.4952502e+00
   5.3257063e+00
   5.1622938e+00
   5.0061358e+00
   4.8578708e+00
   4.7176423e+00
   4.5851023e+00
   4.4594285e+00
   4.3393550e+00
   4.2232154e+00
   4.1089953e+00
   3.9943933e+00
   3.8768883e+00
   3.7538119e+00
   3.6224243e+00
   3.4799902e+00
   3.3238546e+00
   3.1515166e+00
   2.9606999e+00
   2.7494200e+00
   2.5160451e+00
   2.2593494e+00
   1.9785579e+00
   1.6733800e+00
   1.3440303e+00
   9.9123701e-01
   6.1623935e-01
   2.2077359e-01
  -1.9294958e-01
  -6.2227696e-01
  -1.0641536e+00
  -1.5151717e+00
  -1.9716280e+00
  -2.4295882e+00
  -2.8849587e+00
  -3.3335632e+00
  -3.7712227e+00
  -4.1938377e+00
  -4.5974699e+00
  -4.9784221e+00
  -5.3333140e+00
  -5.6591502e+00
  -5.9533795e+00
  -6.2139430e+00
  -6.4393081e+00
  -6.6284892e+00
  -6.7810547e+00
  -6.8971212e+00
  -6.9773367e+00
  -7.0228541e+00
  -7.0352951e+00
  -7.0167041e+00
  -6.9694946e+00
  -6.8963867e+00
  -6.8003396e+00
  -6.6844775e+00
  -6.5520144e+00
  -6.4061769e+00
  -6.2501291e+00
  -6.0869004e+00
  -5.9193179e+00
  -5.7499437e+00
  -5.5810183e+00
  -5.4144109e+00
  -5.2515781e+00
  -5.0935328e+00
  -4.9408235e+00
  -4.7935265e+00
  -4.6512522e+00
  -4.5131632e+00
  -4.3780062e+00
  -4.2441542e+00
  -4.1096594e+00
  -3.9723148e+00
  -3.8297245e+00
  -3.6793810e+00
  -3.5187463e+00
  -3.3453354e+00
  -3.1567997e+00
  -2.9510068e+00
  -2.7261149e+00
  -2.4806406e+00
  -2.2135178e+00
  -1.9241474e+00
  -1.6124342e+00
  -1.2788104e+00
  -9.2424347e-01
  -5.5022639e-01
  -1.5875389e-01
   2.4771596e-01
   6.6631160e-01
   1.0938079e+00
   1.5266940e+00
   1.9612480e+00
   2.3936152e+00
   2.8198893e+00
   3.2361934e+00
   3.6387609e+00
   4.0240138e+00
   4.3886368e+00
   4.7296459e+00
   5.0444468e+00
   5.3308838e+00
   5.5872781e+00
   5.8124550e+00
   6.0057623e+00
   6.1670762e+00
   6.2967957e+00
   6.3958230e+00
   6.4655295e+00
   6.5077105e+00
   6.5245273e+00
   6.5184408e+00
   6.4921371e+00
   6.4484456e+00
   6.3902536e+00
   6.3204171e+00
   6.2416751e+00
   6.1565680e+00
   6.0673653e+00
   5.9760025e+00
   5.8840298e+00
   5.7925713e+00
   5.7022981e+00
   5.6134157e+00
   5.5256677e+00
   5.4383540e+00
   5.3503645e+00
   5.2602235e+00
   5.1661454e+00
   5.0660978e+00
   4.9578712e+00
   4.8391533e+00
   4.7076069e+00
   4.5609505e+00
   4.3970376e+00
   4.2139328e+00
   4.0099824e+00
   3.7838768e+00
   3.5347041e+00
   3.2619936e+00
   2.9657497e+00
   2.6464727e+00
   2.3051678e+00
   1.9433389e+00
   1.5629665e+00
   1.1664707e+00
   7.5666134e-01
   3.3667674e-01
  -9.0086256e-02
  -5.2004868e-01
  -9.4953100e-01
  -1.3748381e+00
  -1.7923454e+00
  -2.1985842e+00
  -2.5903217e+00
  -2.9646346e+00
  -3.3189721e+00
  -3.6512074e+00
  -3.9596777e+00
  -4.2432092e+00
  -4.5011297e+00
  -4.7332658e+00
  -4.9399283e+00
  -5.1218835e+00
  -5.2803139e+00
  -5.4167673e+00
  -5.5330944e+00
  -5.6313782e+00
  -5.7138545e+00
  -5.7828286e+00
  -5.8405902e+00
  -5.8893307e+00
  -5.9310651e+00
  -5.9675616e+00
  -6.0002819e+00
  -6.0303333e+00
  -6.0584341e+00
  -6.0848938e+00
  -6.1096049e+00
  -6.1320488e+00
  -6.1513128e+00
  -6.1661181e+00
  -6.1748578e+00
  -6.1756450e+00
  -6.1663694e+00
  -6.1447633e+00
  -6.1084740e+00
  -6.0551420e+00
  -5.9824823e+00
  -5.8883652e+00
  -5.7708933e+00
  -5.6284740e+00
  -5.4598836e+00
  -5.2643227e+00
  -5.0414581e+00
  -4.7914516e+00
  -4.5149728e+00
  -4.2131965e+00
  -3.8877847e+00
  -3.5408535e+00
  -3.1749271e+00
  -2.7928775e+00
  -2.3978548e+00
  -1.9932079e+00
  -1.5824000e+00
  -1.1689222e+00
  -7.5620791e-01
  -3.4755154e-01
   5.3968261e-02
   4.4555790e-01
   8.2476978e-01
   1.1895528e+00
   1.5382905e+00
   1.8698251e+00
   2.1834670e+00
   2.4789880e+00
   2.7566012e+00
   3.0169254e+00
   3.2609385e+00
   3.4899197e+00
   3.7053825e+00
   3.9090001e+00
   4.1025254e+00
   4.2877105e+00
   4.4662256e+00
   4.6395843e+00
   4.8090736e+00
   4.9756934e+00
   5.1401067e+00
   5.3026027e+00
   5.4630748e+00
   5.6210129e+00
   5.7755105e+00
   5.9252870e+00
   6.0687241e+00
   6.2039159e+00
   6.3287316e+00
   6.4408857e+00
   6.5380141e+00
   6.6177529e+00
   6.6778158e+00
   6.7160718e+00
   6.7306174e+00
   6.7198440e+00
   6.6824960e+00
   6.6177180e+00
   6.5250874e+00
   6.4046323e+00
   6.2568336e+00
   6.0826126e+00
   5.8833050e+00
   5.6606234e+00
   5.4166094e+00
   5.1535770e+00
   4.8740491e+00
   4.5806880e+00
   4.2762225e+00
   3.9633711e+00
   3.6447674e+00
   3.3228880e+00
   2.9999894e+00
   2.6780536e+00
   2.3587463e+00
   2.0433864e+00
   1.7329276e+00
   1.4279533e+00
   1.1286848e+00
   8.3500373e-01
   5.4648731e-01
   2.6245399e-01
  -1.7981949e-02
  -2.9584895e-01
  -5.7225185e-01
  -8.4830322e-01
  -1.1250557e+00
  -1.4034375e+00
  -1.6841936e+00
  -1.9678328e+00
  -2.2545838e+00
  -2.5443614e+00
  -2.8367444e+00
  -3.1309672e+00
  -3.4259250e+00
  -3.7201909e+00
  -4.0120462e+00
  -4.2995193e+00
  -4.5804353e+00
  -4.8524724e+00
  -5.1132270e+00
  -5.3602843e+00
  -5.5912924e+00
  -5.8040366e+00
  -5.9965089e+00
  -6.1669694e+00
  -6.3139967e+00
  -6.4365259e+00
  -6.5338749e+00
  -6.6057561e+00
  -6.6522761e+00
  -6.6739206e+00
  -6.6715283e+00
  -6.6462519e+00
  -6.5995103e+00
  -6.5329309e+00
  -6.4482848e+00
  -6.3474173e+00
  -6.2321765e+00
  -6.1043444e+00
  -5.9655728e+00
  -5.8173275e+00
  -5.6608412e+00
  -5.4970800e+00
  -5.3267213e+00
  -5.1501466e+00
  -4.9674452e+00
  -4.7784307e+00
  -4.5826691e+00
  -4.3795170e+00
  -4.1681711e+00
  -3.9477251e+00
  -3.7172319e+00
  -3.4757692e+00
  -3.2225032e+00
  -2.9567510e+00
  -2.6780354e+00
  -2.3861317e+00
  -2.0811032e+00
  -1.7633261e+00
  -1.4335013e+00
  -1.0926552e+00
  -7.4213025e-01
  -3.8356423e-01
  -1.8860034e-02
   3.4985501e-01
   7.2027913e-01
   1.0899939e+00
   1.4565277e+00
   1.8174222e+00
   2.1703002e+00
   2.5129315e+00
   2.8432930e+00
   3.1596210e+00
   3.4604518e+00
   3.7446522e+00
   4.0114373e+00
   4.2603749e+00
   4.4913775e+00
   4.7046804e+00
   4.9008069e+00
   5.0805239e+00
   5.2447880e+00
   5.3946858e+00
   5.5313698e+00
   5.6559933e+00
   5.7696465e+00
   5.8732955e+00
   5.9677280e+00
   6.0535058e+00
   6.1309291e+00
   6.2000104e+00
   6.2604635e+00
   6.3117055e+00
   6.3528749e+00
   6.3828639e+00
   6.4003648e+00
   6.4039275e+00
   6.3920240e+00
   6.3631169e+00
   6.3157286e+00
   6.2485087e+00
   6.1602971e+00
   6.0501807e+00
   5.9175406e+00
   5.7620890e+00
   5.5838928e+00
   5.3833845e+00
   5.1613601e+00
   4.9189637e+00
   4.6576635e+00
   4.3792153e+00
   4.0856175e+00
   3.7790548e+00
   3.4618365e+00
   3.1363283e+00
   2.8048844e+00
   2.4697816e+00
   2.1331577e+00
   1.7969568e+00
   1.4628824e+00
   1.1323598e+00
   8.0651140e-01
   4.8614367e-01
   1.7174968e-01
  -1.3647448e-01
  -4.3859959e-01
  -7.3492182e-01
  -1.0259128e+00
  -1.3121639e+00
  -1.5943271e+00
  -1.8730547e+00
  -2.1489411e+00
  -2.4224680e+00
  -2.6939556e+00
  -2.9635229e+00
  -3.2310569e+00
  -3.4961942e+00
  -3.7583133e+00
  -4.0165396e+00
  -4.2697606e+00
  -4.5166519e+00
  -4.7557140e+00
  -4.9853178e+00
  -5.2037590e+00
  -5.4093157e+00
  -5.6003080e+00
  -5.7751556e+00
  -5.9324298e+00
  -6.0708992e+00
  -6.1895657e+00
  -6.2876897e+00
  -6.3648052e+00
  -6.4207229e+00
  -6.4555239e+00
  -6.4695426e+00
  -6.4633404e+00
  -6.4376723e+00
  -6.3934476e+00
  -6.3316868e+00
  -6.2534773e+00
  -6.1599276e+00
  -6.0521232e+00
  -5.9310838e+00
  -5.7977261e+00
  -5.6528340e+00
  -5.4970375e+00
  -5.3308017e+00
  -5.1544247e+00
  -4.9680439e+00
  -4.7716503e+00
  -4.5651113e+00
  -4.3482005e+00
  -4.1206363e+00
  -3.8821245e+00
  -3.6324055e+00
  -3.3713023e+00
  -3.0987659e+00
  -2.8149174e+00
  -2.5200815e+00
  -2.2148086e+00
  -1.8998854e+00
  -1.5763310e+00
  -1.2453831e+00
  -9.0847354e-01
  -5.6719775e-01
  -2.2327708e-01
   1.2148344e-01
   4.6524193e-01
   8.0616999e-01
   1.1425048e+00
   1.4726006e+00
   1.7949752e+00
   2.1083497e+00
   2.4116774e+00
   2.7041616e+00
   2.9852596e+00
   3.2546744e+00
   3.5123334e+00
   3.7583570e+00
   3.9930186e+00
   4.2166997e+00
   4.4298418e+00
   4.6328979e+00
   4.8262846e+00
   5.0103368e+00
   5.1852665e+00
   5.3511277e+00
   5.5077899e+00
   5.6549211e+00
   5.7919829e+00
   5.9182368e+00
   6.0327633e+00
   6.1344925e+00
   6.2222447e+00
   6.2947789e+00
   6.3508464e+00
   6.3892465e+00
   6.4088820e+00
   6.4088134e+00
   6.3883050e+00
   6.3468638e+00
   6.2842659e+00
   6.2005725e+00
   6.0961330e+00
   5.9715781e+00
   5.8278024e+00
   5.6659351e+00
   5.4873009e+00
   5.2933704e+00
   5.0857038e+00
   4.8658905e+00
   4.6354883e+00
   4.3959654e+00
   4.1486503e+00
   3.8946906e+00
   3.6350257e+00
   3.3703730e+00
   3.1012285e+00
   2.8278804e+00
   2.5504343e+00
   2.2688487e+00
   1.9829777e+00
   1.6926201e+00
   1.3975706e+00
   1.0976707e+00
   7.9285712e-01
   4.8320463e-01
   1.6896232e-01
  -1.4942018e-01
  -4.7127729e-01
  -7.9572361e-01
  -1.1216615e+00
  -1.4477996e+00
  -1.7726805e+00
  -2.0947176e+00
  -2.4122383e+00
  -2.7235320e+00
  -3.0269003e+00
  -3.3207072e+00
  -3.6034273e+00
  -3.8736898e+00
  -4.1303161e+00
  -4.3723483e+00
  -4.5990688e+00
  -4.8100075e+00
  -5.0049391e+00
  -5.1838679e+00
  -5.3470015e+00
  -5.4947157e+00
  -5.6275117e+00
  -5.7459692e+00
  -5.8506960e+00
  -5.9422787e+00
  -6.0212356e+00
  -6.0879762e+00
  -6.1427682e+00
  -6.1857142e+00
  -6.2167389e+00
  -6.2355866e+00
  -6.2418318e+00
  -6.2348997e+00
  -6.2140968e+00
  -6.1786504e+00
  -6.1277534e+00
  -6.0606134e+00
  -5.9765028e+00
  -5.8748068e+00
  -5.7550665e+00
  -5.6170148e+00
  -5.4606034e+00
  -5.2860205e+00
  -5.0936980e+00
  -4.8843088e+00
  -4.6587539e+00
  -4.4181391e+00
  -4.1637440e+00
  -3.8969823e+00
  -3.6193573e+00
  -3.3324146e+00
  -3.0376953e+00
  -2.7366918e+00
  -2.4308078e+00
  -2.1213255e+00
  -1.8093799e+00
  -1.4959430e+00
  -1.1818166e+00
  -8.6763626e-01
  -5.5388366e-01
  -2.4090841e-01
   7.1043024e-02
   3.8179290e-01
   6.9119387e-01
   9.9908893e-01
   1.3052721e+00
   1.6094526e+00
   1.9112250e+00
   2.2100472e+00
   2.5052290e+00
   2.7959305e+00
   3.0811723e+00
   3.3598567e+00
   3.6307972e+00
   3.8927560e+00
   4.1444844e+00
   4.3847654e+00
   4.6124533e+00
   4.8265121e+00
   5.0260475e+00
   5.2103344e+00
   5.3788353e+00
   5.5312097e+00
   5.6673134e+00
   5.7871864e+00
   5.8910319e+00
   5.9791863e+00
   6.0520845e+00
   6.1102197e+00
   6.1541019e+00
   6.1842149e+00
   6.2009764e+00
   6.2047016e+00
   6.1955770e+00
   6.1736434e+00
   6.1387921e+00
   6.0907720e+00
   6.0292079e+00
   5.9536286e+00
   5.8635021e+00
   5.7582769e+00
   5.6374266e+00
   5.5004954e+00
   5.3471417e+00
   5.1771762e+00
   4.9905934e+00
   4.7875924e+00
   4.5685892e+00
   4.3342172e+00
   4.0853199e+00
   3.8229343e+00
   3.5482667e+00
   3.2626617e+00
   2.9675649e+00
   2.6644810e+00
   2.3549297e+00
   2.0404012e+00
   1.7223146e+00
   1.4019802e+00
   1.0805692e+00
   7.5909238e-01
   4.3839043e-01
   1.1913582e-01
  -1.9815438e-01
  -5.1309656e-01
  -8.2541144e-01
  -1.1348895e+00
  -1.4413528e+00
  -1.7446156e+00
  -2.0444462e+00
  -2.3405320e+00
  -2.6324503e+00
  -2.9196472e+00
  -3.2014263e+00
  -3.4769486e+00
  -3.7452426e+00
  -4.0052252e+00
  -4.2557299e+00
  -4.4955426e+00
  -4.7234400e+00
  -4.9382316e+00
  -5.1388007e+00
  -5.3241443e+00
  -5.4934066e+00
  -5.6459067e+00
  -5.7811558e+00
  -5.8988648e+00
  -5.9989408e+00
  -6.0814745e+00
  -6.1467176e+00
  -6.1950541e+00
  -6.2269645e+00
  -6.2429877e+00
  -6.2436820e+00
  -6.2295886e+00
  -6.2011985e+00
  -6.1589256e+00
  -6.1030867e+00
  -6.0338887e+00
  -5.9514254e+00
  -5.8556822e+00
  -5.7465495e+00
  -5.6238442e+00
  -5.4873387e+00
  -5.3367944e+00
  -5.1719986e+00
  -4.9928024e+00
  -4.7991573e+00
  -4.5911472e+00
  -4.3690163e+00
  -4.1331867e+00
  -3.8842676e+00
  -3.6230519e+00
  -3.3505026e+00
  -3.0677280e+00
  -2.7759504e+00
  -2.4764691e+00
  -2.1706203e+00
  -1.8597375e+00
  -1.5451120e+00
  -1.2279599e+00
  -9.0939550e-01
  -5.9041406e-01
  -2.7188424e-01
   4.5451784e-02
   3.6097047e-01
   6.7415212e-01
   9.8455965e-01
   1.2918122e+00
   1.5955553e+00
   1.8954307e+00
   2.1910459e+00
   2.4819487e+00
   2.7676068e+00
   3.0473942e+00
   3.3205878e+00
   3.5863720e+00
   3.8438518e+00
   4.0920727e+00
   4.3300456e+00
   4.5567759e+00
   4.7712934e+00
   4.9726840e+00
   5.1601191e+00
   5.3328816e+00
   5.4903878e+00
   5.6322014e+00
   5.7580396e+00
   5.8677718e+00
   5.9614075e+00
   6.0390771e+00
   6.1010054e+00
   6.1474799e+00
   6.1788184e+00
   6.1953373e+00
   6.1973246e+00
   6.1850165e+00
   6.1585794e+00
   6.1180975e+00
   6.0635675e+00
   5.9948997e+00
   5.9119279e+00
   5.8144267e+00
   5.7021368e+00
   5.5747963e+00
   5.4321761e+00
   5.2741167e+00
   5.1005636e+00
   4.9115977e+00
   4.7074594e+00
   4.4885630e+00
   4.2555023e+00
   4.0090458e+00
   3.7501239e+00
   3.4798057e+00
   3.1992696e+00
   2.9097679e+00
   2.6125889e+00
   2.3090203e+00
   2.0003145e+00
   1.6876587e+00
   1.3721511e+00
   1.0547838e+00
   7.3643261e-01
   4.1785670e-01
   9.9706325e-02
  -2.1746025e-01
  -5.3315327e-01
  -8.4692335e-01
  -1.1583311e+00
  -1.4669167e+00
  -1.7721722e+00
  -2.0735179e+00
  -2.3702857e+00
  -2.6617107e+00
  -2.9469335e+00
  -3.2250108e+00
  -3.4949358e+00
  -3.7556646e+00
  -4.0061485e+00
  -4.2453682e+00
  -4.4723685e+00
  -4.6862903e+00
  -4.8863974e+00
  -5.0720974e+00
  -5.2429540e+00
  -5.3986901e+00
  -5.5391814e+00
  -5.6644403e+00
  -5.7745910e+00
  -5.8698400e+00
  -5.9504423e+00
  -6.0166671e+00
  -6.0687656e+00
  -6.1069419e+00
  -6.1313301e+00
  -6.1419774e+00
  -6.1388370e+00
  -6.1217691e+00
  -6.0905518e+00
  -6.0448999e+00
  -5.9844919e+00
  -5.9090003e+00
  -5.8181250e+00
  -5.7116251e+00
  -5.5893477e+00
  -5.4512507e+00
  -5.2974190e+00
  -5.1280754e+00
  -4.9435855e+00
  -4.7444582e+00
  -4.5313408e+00
  -4.3050066e+00
  -4.0663367e+00
  -3.8162946e+00
  -3.5558963e+00
  -3.2861794e+00
  -3.0081716e+00
  -2.7228634e+00
  -2.4311858e+00
  -2.1339935e+00
  -1.8320571e+00
  -1.5260643e+00
  -1.2166295e+00
  -9.0431201e-01
  -5.8963921e-01
  -2.7313315e-01
   4.4662434e-02
   3.6315663e-01
   6.8168945e-01
   9.9951520e-01
   1.3157925e+00
   1.6295814e+00
   1.9398489e+00
   2.2454824e+00
   2.5453118e+00
   2.8381368e+00
   3.1227584e+00
   3.3980118e+00
   3.6627991e+00
   3.9161188e+00
   4.1570926e+00
   4.3849840e+00
   4.5992094e+00
   4.7993401e+00
   4.9850952e+00
   5.1563262e+00
   5.3129955e+00
   5.4551493e+00
   5.5828880e+00
   5.6963372e+00
   5.7956220e+00
   5.8808459e+00
   5.9520758e+00
   6.0093331e+00
   6.0525889e+00
   6.0817649e+00
   6.0967381e+00
   6.0973507e+00
   6.0834247e+00
   6.0547798e+00
   6.0112543e+00
   5.9527266e+00
   5.8791347e+00
   5.7904914e+00
   5.6868945e+00
   5.5685304e+00
   5.4356706e+00
   5.2886633e+00
   5.1279201e+00
   4.9538999e+00
   4.7670927e+00
   4.5680036e+00
   4.3571378e+00
   4.1349888e+00
   3.9020298e+00
   3.6587096e+00
   3.4054551e+00
   3.1426807e+00
   2.8708033e+00
   2.5902628e+00
   2.3015447e+00
   2.0052025e+00
   1.7018777e+00
   1.3923155e+00
   1.0773748e+00
   7.5803142e-01
   4.3537213e-01
   1.1058153e-01
  -2.1507908e-01
  -5.4029815e-01
  -8.6374419e-01
  -1.1840976e+00
  -1.5000825e+00
  -1.8104955e+00
  -2.1142305e+00
  -2.4102967e+00
  -2.6978307e+00
  -2.9761010e+00
  -3.2445070e+00
  -3.5025717e+00
  -3.7499290e+00
  -3.9863066e+00
  -4.2115049e+00
  -4.4253737e+00
  -4.6277877e+00
  -4.8186218e+00
  -4.9977285e+00
  -5.1649191e+00
  -5.3199499e+00
  -5.4625166e+00
  -5.5922567e+00
  -5.7087606e+00
  -5.8115875e+00
  -5.9002860e+00
  -5.9744158e+00
  -6.0335686e+00
  -6.0773890e+00
  -6.1055924e+00
  -6.1179783e+00
  -6.1144385e+00
  -6.0949594e+00
  -6.0596167e+00
  -6.0085658e+00
  -5.9420264e+00
  -5.8602649e+00
  -5.7635757e+00
  -5.6522636e+00
  -5.5266290e+00
  -5.3869564e+00
  -5.2335082e+00
  -5.0665233e+00
  -4.8862216e+00
  -4.6928132e+00
  -4.4865122e+00
  -4.2675556e+00
  -4.0362256e+00
  -3.7928731e+00
  -3.5379406e+00
  -3.2719793e+00
  -2.9956617e+00
  -2.7097844e+00
  -2.4152657e+00
  -2.1131344e+00
  -1.8045138e+00
  -1.4905996e+00
  -1.1726331e+00
  -8.5187150e-01
  -5.2955635e-01
  -2.0688384e-01
   1.1502094e-01
   4.3512350e-01
   7.5249165e-01
   1.0662984e+00
   1.3758169e+00
   1.6804081e+00
   1.9795030e+00
   2.2725800e+00
   2.5591410e+00
   2.8386866e+00
   3.1106937e+00
   3.3745987e+00
   3.6297858e+00
   3.8755843e+00
   4.1112736e+00
   4.3360975e+00
   4.5492853e+00
   4.7500769e+00
   4.9377494e+00
   5.1116434e+00
   5.2711864e+00
   5.4159115e+00
   5.5454692e+00
   5.6596325e+00
   5.7582931e+00
   5.8414507e+00
   5.9091963e+00
   5.9616919e+00
   5.9991469e+00
   6.0217946e+00
   6.0298690e+00
   6.0235845e+00
   6.0031217e+00
   5.9686206e+00
   5.9201815e+00
   5.8578735e+00
   5.7817485e+00
   5.6918596e+00
   5.5882817e+00
   5.4711310e+00
   5.3405834e+00
   5.1968872e+00
   5.0403704e+00
   4.8714411e+00
   4.6905822e+00
   4.4983398e+00
   4.2953055e+00
   4.0820940e+00
   3.8593165e+00
   3.6275554e+00
   3.3873393e+00
   3.1391239e+00
   2.8832774e+00
   2.6200739e+00
   2.3496946e+00
   2.0722372e+00
   1.7877336e+00
   1.4961748e+00
   1.1975417e+00
   8.9184054e-01
   5.7914139e-01
   2.5961601e-01
  -6.6425499e-02
  -3.9850209e-01
  -7.3593463e-01
  -1.0778257e+00
  -1.4230472e+00
  -1.7702362e+00
  -2.1178000e+00
  -2.4639286e+00
  -2.8066163e+00
  -3.1436884e+00
  -3.4728301e+00
  -3.7916177e+00
  -4.0975493e+00
  -4.3880749e+00
  -4.6606256e+00
  -4.9126413e+00
  -5.1415982e+00
  -5.3450373e+00
  -5.5205963e+00
  -5.6660440e+00
  -5.7793188e+00
  -5.8585712e+00
  -5.9022109e+00
  -5.9089603e+00
  -5.8779130e+00
  -5.8085962e+00
  -5.7010325e+00
  -5.5557988e+00
  -5.3740766e+00
  -5.1576905e+00
  -4.9091303e+00
  -4.6315534e+00
  -4.3287654e+00
  -4.0051772e+00
  -3.6657370e+00
  -3.3158354e+00
  -2.9611840e+00
  -2.6076685e+00
  -2.2611802e+00
  -1.9274319e+00
  -1.6117665e+00
  -1.3189649e+00
