   7.2935791e+00
   9.7840969e+00
   1.2560259e+01
   1.5608367e+01
   1.8908837e+01
   2.2436384e+01
   2.6160375e+01
   3.0045370e+01
   3.4051828e+01
   3.8136976e+01
   4.2255804e+01
   4.6362166e+01
   5.0409926e+01
   5.4354113e+01
   5.8152015e+01
   6.1764189e+01
   6.5155330e+01
   6.8294993e+01
   7.1158144e+01
   7.3725544e+01
   7.5983954e+01
   7.7926185e+01
   7.9550986e+01
   8.0862798e+01
   8.1871382e+01
   8.2591338e+01
   8.3041542e+01
   8.3244508e+01
   8.3225715e+01
   8.3012905e+01
   8.2635379e+01
   8.2123307e+01
   8.1507074e+01
   8.0816656e+01
   8.0081064e+01
   7.9327844e+01
   7.8582652e+01
   7.7868903e+01
   7.7207506e+01
   7.6616671e+01
   7.6111792e+01
   7.5705408e+01
   7.5407232e+01
   7.5224235e+01
   7.5160794e+01
   7.5218882e+01
   7.5398303e+01
   7.5696946e+01
   7.6111073e+01
   7.6635602e+01
   7.7264399e+01
   7.7990558e+01
   7.8806669e+01
   7.9705063e+01
   8.0678027e+01
   8.1717996e+01
   8.2817710e+01
   8.3970337e+01
   8.5169560e+01
   8.6409637e+01
   8.7685425e+01
   8.8992380e+01
   9.0326533e+01
   9.1684451e+01
   9.3063177e+01
   9.4460171e+01
   9.5873230e+01
   9.7300418e+01
   9.8739978e+01
   1.0019026e+02
   1.0164963e+02
   1.0311640e+02
   1.0458878e+02
   1.0606479e+02
   1.0754221e+02
   1.0901859e+02
   1.1049121e+02
   1.1195708e+02
   1.1341298e+02
   1.1485551e+02
   1.1628110e+02
   1.1768615e+02
   1.1906702e+02
   1.2042017e+02
   1.2174221e+02
   1.2302995e+02
   1.2428050e+02
   1.2549131e+02
   1.2666023e+02
   1.2778557e+02
   1.2886612e+02
   1.2990121e+02
   1.3089074e+02
   1.3183512e+02
   1.3273535e+02
   1.3359293e+02
   1.3440986e+02
   1.3518860e+02
   1.3593200e+02
   1.3664329e+02
   1.3732598e+02
   1.3798380e+02
   1.3862060e+02
   1.3924032e+02
   1.3984682e+02
   1.4044377e+02
   1.4103460e+02
   1.4162225e+02
   1.4220911e+02
   1.4279681e+02
   1.4338607e+02
   1.4397651e+02
   1.4456649e+02
   1.4515292e+02
   1.4573107e+02
   1.4629441e+02
   1.4683445e+02
   1.4734056e+02
   1.4779987e+02
   1.4819718e+02
   1.4851489e+02
   1.4873299e+02
   1.4882916e+02
   1.4877884e+02
   1.4855549e+02
   1.4813085e+02
   1.4747533e+02
   1.4655843e+02
   1.4534937e+02
   1.4381766e+02
   1.4193383e+02
   1.3967021e+02
   1.3700172e+02
   1.3390671e+02
   1.3036779e+02
   1.2637259e+02
   1.2191453e+02
   1.1699346e+02
   1.1161623e+02
   1.0579701e+02
   9.9557601e+01
   9.2927421e+01
   8.5943362e+01
   7.8649400e+01
   7.1095985e+01
   6.3339210e+01
   5.5439766e+01
   4.7461710e+01
   3.9471083e+01
   3.1534417e+01
   2.3717207e+01
   1.6082411e+01
   8.6890263e+00
   1.5908290e+00
  -5.1647150e+00
  -1.1537313e+01
  -1.7494483e+01
  -2.3011955e+01
  -2.8073848e+01
  -3.2672638e+01
  -3.6808935e+01
  -4.0491099e+01
  -4.3734722e+01
  -4.6561991e+01
  -4.9000988e+01
  -5.1084915e+01
  -5.2851297e+01
  -5.4341179e+01
  -5.5598326e+01
  -5.6668451e+01
  -5.7598484e+01
  -5.8435880e+01
  -5.9227989e+01
  -6.0021474e+01
  -6.0861782e+01
  -6.1792669e+01
  -6.2855769e+01
  -6.4090211e+01
  -6.5532268e+01
  -6.7215047e+01
  -6.9168199e+01
  -7.1417656e+01
  -7.3985391e+01
  -7.6889192e+01
  -8.0142460e+01
  -8.3754030e+01
  -8.7728013e+01
  -9.2063667e+01
  -9.6755314e+01
  -1.0179229e+02
  -1.0715898e+02
  -1.1283489e+02
  -1.1879482e+02
  -1.2500915e+02
  -1.3144418e+02
  -1.3806263e+02
  -1.4482420e+02
  -1.5168635e+02
  -1.5860505e+02
  -1.6553577e+02
  -1.7243446e+02
  -1.7925860e+02
  -1.8596835e+02
  -1.9252753e+02
  -1.9890465e+02
  -2.0507378e+02
  -2.1101530e+02
  -2.1671647e+02
  -2.2217181e+02
  -2.2738328e+02
  -2.3236029e+02
  -2.3711940e+02
  -2.4168393e+02
  -2.4608325e+02
  -2.5035197e+02
  -2.5452883e+02
  -2.5865553e+02
  -2.6277534e+02
  -2.6693159e+02
  -2.7116611e+02
  -2.7551761e+02
  -2.8002001e+02
  -2.8470085e+02
  -2.8957968e+02
  -2.9466668e+02
  -2.9996126e+02
  -3.0545099e+02
  -3.1111069e+02
  -3.1690187e+02
  -3.2277242e+02
  -3.2865678e+02
  -3.3447635e+02
  -3.4014048e+02
  -3.4554769e+02
  -3.5058746e+02
  -3.5514227e+02
  -3.5909008e+02
  -3.6230701e+02
  -3.6467040e+02
  -3.6606190e+02
  -3.6637072e+02
  -3.6549684e+02
  -3.6335414e+02
  -3.5987328e+02
  -3.5500432e+02
  -3.4871889e+02
  -3.4101188e+02
  -3.3190252e+02
  -3.2143477e+02
  -3.0967697e+02
  -2.9672070e+02
  -2.8267881e+02
  -2.6768260e+02
  -2.5187831e+02
  -2.3542303e+02
  -2.1848004e+02
  -2.0121403e+02
  -1.8378625e+02
  -1.6634994e+02
  -1.4904609e+02
  -1.3199984e+02
  -1.1531754e+02
  -9.9084505e+01
  -8.3363630e+01
  -6.8194756e+01
  -5.3594817e+01
  -3.9558730e+01
  -2.6060951e+01
  -1.3057630e+01
  -4.8925436e-01
   1.1716305e+01
   2.3640482e+01
   3.5370548e+01
   4.6996103e+01
   5.8605655e+01
   7.0283379e+01
   8.2106165e+01
   9.4141026e+01
   1.0644294e+02
   1.1905316e+02
   1.3199804e+02
   1.4528839e+02
   1.5891930e+02
   1.7287044e+02
   1.8710680e+02
   2.0157969e+02
   2.1622802e+02
   2.3097961e+02
   2.4575258e+02
   2.6045673e+02
   2.7499473e+02
   2.8926333e+02
   3.0315439e+02
   3.1655593e+02
   3.2935306e+02
   3.4142901e+02
   3.5266615e+02
   3.6294716e+02
   3.7215629e+02
   3.8018078e+02
   3.8691249e+02
   3.9224961e+02
   3.9609863e+02
   3.9837638e+02
   3.9901215e+02
   3.9794989e+02
   3.9515033e+02
   3.9059298e+02
   3.8427787e+02
   3.7622694e+02
   3.6648500e+02
   3.5512006e+02
   3.4222309e+02
   3.2790704e+02
   3.1230514e+02
   2.9556849e+02
   2.7786304e+02
   2.5936586e+02
   2.4026115e+02
   2.2073578e+02
   2.0097473e+02
   1.8115671e+02
   1.6144984e+02
   1.4200791e+02
   1.2296713e+02
   1.0444358e+02
   8.6531394e+01
   6.9301693e+01
   5.2802278e+01
   3.7058067e+01
   2.2072204e+01
   7.8277708e+00
  -5.7099856e+00
  -1.8591029e+01
  -3.0877618e+01
  -4.2641232e+01
  -5.3959427e+01
  -6.4912764e+01
  -7.5581867e+01
  -8.6044731e+01
  -9.6374326e+01
  -1.0663657e+02
  -1.1688870e+02
  -1.2717810e+02
  -1.3754151e+02
  -1.4800469e+02
  -1.5858246e+02
  -1.6927907e+02
  -1.8008875e+02
  -1.9099647e+02
  -2.0197879e+02
  -2.1300461e+02
  -2.2403597e+02
  -2.3502865e+02
  -2.4593275e+02
  -2.5669315e+02
  -2.6724987e+02
  -2.7753841e+02
  -2.8749000e+02
  -2.9703195e+02
  -3.0608788e+02
  -3.1457811e+02
  -3.2242006e+02
  -3.2952879e+02
  -3.3581766e+02
  -3.4119912e+02
  -3.4558572e+02
  -3.4889124e+02
  -3.5103203e+02
  -3.5192845e+02
  -3.5150655e+02
  -3.4969967e+02
  -3.4645020e+02
  -3.4171131e+02
  -3.3544860e+02
  -3.2764155e+02
  -3.1828484e+02
  -3.0738932e+02
  -2.9498258e+02
  -2.8110909e+02
  -2.6582985e+02
  -2.4922142e+02
  -2.3137450e+02
  -2.1239204e+02
  -1.9238691e+02
  -1.7147940e+02
  -1.4979470e+02
  -1.2746044e+02
  -1.0460450e+02
  -8.1353150e+01
  -5.7829506e+01
  -3.4152439e+01
  -1.0435805e+01
   1.3211989e+01
   3.6688138e+01
   5.9895388e+01
   8.2741843e+01
   1.0514068e+02
   1.2700987e+02
   1.4827182e+02
   1.6885320e+02
   1.8868464e+02
   2.0770054e+02
   2.2583888e+02
   2.4304085e+02
   2.5925055e+02
   2.7441449e+02
   2.8848112e+02
   3.0140025e+02
   3.1312253e+02
   3.2359905e+02
   3.3278101e+02
   3.4061965e+02
   3.4706634e+02
   3.5207304e+02
   3.5559293e+02
   3.5758143e+02
   3.5799741e+02
   3.5680469e+02
   3.5397370e+02
   3.4948330e+02
   3.4332253e+02
   3.3549241e+02
   3.2600744e+02
   3.1489682e+02
   3.0220528e+02
   2.8799338e+02
   2.7233723e+02
   2.5532761e+02
   2.3706852e+02
   2.1767521e+02
   1.9727179e+02
   1.7598862e+02
   1.5395969e+02
   1.3132005e+02
   1.0820350e+02
   8.4740683e+01
   6.1057438e+01
   3.7273704e+01
   1.3502746e+01
  -1.0149213e+01
  -3.3583044e+01
  -5.6706497e+01
  -7.9433788e+01
  -1.0168507e+02
  -1.2338584e+02
  -1.4446632e+02
  -1.6486092e+02
  -1.8450769e+02
  -2.0334784e+02
  -2.2132528e+02
  -2.3838615e+02
  -2.5447827e+02
  -2.6955059e+02
  -2.8355260e+02
  -2.9643369e+02
  -3.0814263e+02
  -3.1862701e+02
  -3.2783293e+02
  -3.3570476e+02
  -3.4218521e+02
  -3.4721553e+02
  -3.5073611e+02
  -3.5268722e+02
  -3.5301017e+02
  -3.5164863e+02
  -3.4855032e+02
  -3.4366875e+02
  -3.3696529e+02
  -3.2841110e+02
  -3.1798927e+02
  -3.0569669e+02
  -2.9154580e+02
  -2.7556599e+02
  -2.5780464e+02
  -2.3832761e+02
  -2.1721930e+02
  -1.9458212e+02
  -1.7053557e+02
  -1.4521488e+02
  -1.1876949e+02
  -9.1361348e+01
  -6.3163177e+01
  -3.4356764e+01
  -5.1312784e+00
   2.4318377e+01
   5.3793189e+01
   8.3091668e+01
   1.1201151e+02
   1.4035127e+02
   1.6791218e+02
   1.9449981e+02
   2.1992591e+02
   2.4401007e+02
   2.6658123e+02
   2.8747917e+02
   3.0655564e+02
   3.2367548e+02
   3.3871748e+02
   3.5157516e+02
   3.6215739e+02
   3.7038904e+02
   3.7621146e+02
   3.7958304e+02
   3.8047969e+02
   3.7889526e+02
   3.7484199e+02
   3.6835074e+02
   3.5947123e+02
   3.4827188e+02
   3.3483958e+02
   3.1927893e+02
   3.0171125e+02
   2.8227307e+02
   2.6111428e+02
   2.3839596e+02
   2.1428794e+02
   1.8896620e+02
   1.6261047e+02
   1.3540184e+02
   1.0752074e+02
   7.9145325e+01
   5.0450141e+01
   2.1605268e+01
  -7.2242126e+00
  -3.5878443e+01
  -6.4202758e+01
  -9.2047485e+01
  -1.1926762e+02
  -1.4572242e+02
  -1.7127507e+02
  -1.9579222e+02
  -2.1914368e+02
  -2.4120210e+02
  -2.6184274e+02
  -2.8094334e+02
  -2.9838408e+02
  -3.1404781e+02
  -3.2782041e+02
  -3.3959147e+02
  -3.4925522e+02
  -3.5671170e+02
  -3.6186826e+02
  -3.6464124e+02
  -3.6495788e+02
  -3.6275842e+02
  -3.5799822e+02
  -3.5065007e+02
  -3.4070638e+02
  -3.2818129e+02
  -3.1311251e+02
  -2.9556300e+02
  -2.7562203e+02
  -2.5340588e+02
  -2.2905787e+02
  -2.0274771e+02
  -1.7467022e+02
  -1.4504339e+02
  -1.1410597e+02
  -8.2114548e+01
  -4.9340431e+01
  -1.6066332e+01
   1.7417064e+01
   5.0814558e+01
   8.3829907e+01
   1.1616925e+02
   1.4754446e+02
   1.7767636e+02
   2.0629771e+02
   2.3315600e+02
   2.5801591e+02
   2.8066139e+02
   3.0089752e+02
   3.1855197e+02
   3.3347626e+02
   3.4554667e+02
   3.5466505e+02
   3.6075943e+02
   3.6378441e+02
   3.6372149e+02
   3.6057927e+02
   3.5439343e+02
   3.4522668e+02
   3.3316832e+02
   3.1833375e+02
   3.0086347e+02
   2.8092182e+02
   2.5869527e+02
   2.3439035e+02
   2.0823109e+02
   1.8045626e+02
   1.5131637e+02
   1.2107061e+02
   8.9983884e+01
   5.8323994e+01
   2.6359024e+01
  -5.6449749e+00
  -3.7426077e+01
  -6.8728314e+01
  -9.9303296e+01
  -1.2891162e+02
  -1.5732410e+02
  -1.8432279e+02
  -2.0970180e+02
  -2.3326795e+02
  -2.5484115e+02
  -2.7425476e+02
  -2.9135572e+02
  -3.0600474e+02
  -3.1807659e+02
  -3.2746044e+02
  -3.3406047e+02
  -3.3779669e+02
  -3.3860605e+02
  -3.3644373e+02
  -3.3128471e+02
  -3.2312557e+02
  -3.1198630e+02
  -2.9791224e+02
  -2.8097596e+02
  -2.6127890e+02
  -2.3895279e+02
  -2.1416061e+02
  -1.8709691e+02
  -1.5798758e+02
  -1.2708872e+02
  -9.4684755e+01
  -6.1085769e+01
  -2.6624073e+01
   8.3498196e+00
   4.3471713e+01
   7.8368607e+01
   1.1266381e+02
   1.4598215e+02
   1.7795522e+02
   2.0822648e+02
   2.3645605e+02
   2.6232527e+02
   2.8554079e+02
   3.0583823e+02
   3.2298538e+02
   3.3678494e+02
   3.4707680e+02
   3.5373990e+02
   3.5669368e+02
   3.5589909e+02
   3.5135925e+02
   3.4311956e+02
   3.3126747e+02
   3.1593163e+02
   2.9728056e+02
   2.7552064e+02
   2.5089360e+02
   2.2367328e+02
   1.9416199e+02
   1.6268627e+02
   1.2959242e+02
   9.5241880e+01
   6.0006513e+01
   2.4264023e+01
  -1.1606491e+01
  -4.7228747e+01
  -8.2233274e+01
  -1.1626112e+02
  -1.4896726e+02
  -1.8002371e+02
  -2.0912224e+02
  -2.3597671e+02
  -2.6032497e+02
  -2.8193040e+02
  -3.0058307e+02
  -3.1610063e+02
  -3.2832902e+02
  -3.3714308e+02
  -3.4244713e+02
  -3.4417561e+02
  -3.4229388e+02
  -3.3679906e+02
  -3.2772100e+02
  -3.1512334e+02
  -2.9910449e+02
  -2.7979857e+02
  -2.5737609e+02
  -2.3204432e+02
  -2.0404719e+02
  -1.7366459e+02
  -1.4121094e+02
  -1.0703302e+02
  -7.1506866e+01
  -3.5033872e+01
   1.9639076e+00
   3.9049154e+01
   7.5775187e+01
   1.1169223e+02
   1.4635388e+02
   1.7932355e+02
   2.1018084e+02
   2.3852756e+02
   2.6399341e+02
   2.8624110e+02
   3.0497106e+02
   3.1992557e+02
   3.3089231e+02
   3.3770753e+02
   3.4025853e+02
   3.3848571e+02
   3.3238405e+02
   3.2200399e+02
   3.0745163e+02
   2.8888831e+02
   2.6652930e+02
   2.4064179e+02
   2.1154193e+02
   1.7959099e+02
   1.4519086e+02
   1.0877865e+02
   7.0820896e+01
   3.1807277e+01
  -7.7559974e+00
  -4.7352927e+01
  -8.6464596e+01
  -1.2457607e+02
  -1.6118324e+02
  -1.9579954e+02
  -2.2796247e+02
  -2.5723974e+02
  -2.8323512e+02
  -3.0559376e+02
  -3.2400697e+02
  -3.3821651e+02
  -3.4801822e+02
  -3.5326499e+02
  -3.5386921e+02
  -3.4980437e+02
  -3.4110617e+02
  -3.2787276e+02
  -3.1026430e+02
  -2.8850171e+02
  -2.6286459e+02
  -2.3368819e+02
  -2.0135953e+02
  -1.6631253e+02
  -1.2902222e+02
  -8.9998140e+01
  -4.9777026e+01
  -8.9149386e+00
   3.2020986e+01
   7.2460992e+01
   1.1184122e+02
   1.4961214e+02
   1.8524672e+02
   2.1824823e+02
   2.4815751e+02
   2.7455959e+02
   2.9708958e+02
   3.1543776e+02
   3.2935390e+02
   3.3865060e+02
   3.4320597e+02
   3.4296526e+02
   3.3794171e+02
   3.2821652e+02
   3.1393785e+02
   2.9531893e+02
   2.7263521e+02
   2.4622050e+02
   2.1646225e+02
   1.8379584e+02
   1.4869812e+02
   1.1168022e+02
   7.3279909e+01
   3.4053542e+01
  -5.4320714e+00
  -4.4607887e+01
  -8.2910719e+01
  -1.1979113e+02
  -1.5472100e+02
  -1.8720067e+02
  -2.1676558e+02
  -2.4299232e+02
  -2.6550403e+02
  -2.8397521e+02
  -2.9813581e+02
  -3.0777484e+02
  -3.1274322e+02
  -3.1295621e+02
  -3.0839517e+02
  -2.9910876e+02
  -2.8521352e+02
  -2.6689369e+02
  -2.4440038e+02
  -2.1804980e+02
  -1.8822056e+02
  -1.5534995e+02
  -1.1992910e+02
  -8.2496925e+01
  -4.3632834e+01
  -3.9483271e+00
   3.5922567e+01
   7.5333745e+01
   1.1363817e+02
   1.5019945e+02
   1.8440346e+02
   2.1566986e+02
   2.4346304e+02
   2.6730237e+02
   2.8677138e+02
   3.0152580e+02
   3.1130021e+02
   3.1591323e+02
   3.1527114e+02
   3.0936996e+02
   2.9829578e+02
   2.8222351e+02
   2.6141398e+02
   2.3620943e+02
   2.0702749e+02
   1.7435384e+02
   1.3873360e+02
   1.0076177e+02
   6.1072955e+01
   2.0330453e+01
  -2.0784900e+01
  -6.1586099e+01
  -1.0139131e+02
  -1.3953509e+02
  -1.7537922e+02
  -2.0832318e+02
  -2.3781390e+02
  -2.6335480e+02
  -2.8451395e+02
  -3.0093123e+02
  -3.1232441e+02
  -3.1849411e+02
  -3.1932751e+02
  -3.1480083e+02
  -3.0498041e+02
  -2.9002250e+02
  -2.7017144e+02
  -2.4575653e+02
  -2.1718725e+02
  -1.8494706e+02
  -1.4958569e+02
  -1.1170995e+02
  -7.1973388e+01
  -3.1064714e+01
   1.0304589e+01
   5.1413271e+01
   9.1543632e+01
   1.2999485e+02
   1.6609601e+02
   1.9921864e+02
   2.2878826e+02
   2.5429501e+02
   2.7530288e+02
   2.9145755e+02
   3.0249272e+02
   3.0823471e+02
   3.0860548e+02
   3.0362390e+02
   2.9340521e+02
   2.7815886e+02
   2.5818460e+02
   2.3386685e+02
   2.0566757e+02
   1.7411760e+02
   1.3980671e+02
   1.0337259e+02
   6.5489058e+01
   2.6853599e+01
  -1.1825272e+01
  -4.9840796e+01
  -8.6500578e+01
  -1.2113887e+02
  -1.5312829e+02
  -1.8189083e+02
  -2.0690793e+02
  -2.2772952e+02
  -2.4398194e+02
  -2.5537449e+02
  -2.6170483e+02
  -2.6286293e+02
  -2.5883357e+02
  -2.4969750e+02
  -2.3563098e+02
  -2.1690375e+02
  -1.9387546e+02
  -1.6699030e+02
  -1.3677008e+02
  -1.0380552e+02
  -6.8745992e+01
  -3.2287637e+01
   4.8398426e+00
   4.1887644e+01
   7.8103208e+01
   1.1274610e+02
   1.4510399e+02
   1.7450829e+02
   2.0034893e+02
   2.2208792e+02
   2.3927129e+02
   2.5153914e+02
   2.5863355e+02
   2.6040417e+02
   2.5681144e+02
   2.4792734e+02
   2.3393359e+02
   2.1511759e+02
   1.9186598e+02
   1.6465609e+02
   1.3404557e+02
   1.0066038e+02
   6.5181591e+01
   2.8331091e+01
  -9.1432298e+00
  -4.6482732e+01
  -8.2933336e+01
  -1.1776063e+02
  -1.5026453e+02
  -1.7979316e+02
  -2.0575573e+02
  -2.2763422e+02
  -2.4499358e+02
  -2.5749027e+02
  -2.6487910e+02
  -2.6701821e+02
  -2.6387205e+02
  -2.5551244e+02
  -2.4211758e+02
  -2.2396905e+02
  -2.0144675e+02
  -1.7502189e+02
  -1.4524797e+02
  -1.1274997e+02
  -7.8211778e+01
  -4.2362109e+01
  -5.9591071e+00
   3.0225954e+01
   6.5425551e+01
   9.8892914e+01
   1.2991871e+02
   1.5784698e+02
   1.8208990e+02
   2.0214100e+02
   2.1758656e+02
   2.2811479e+02
   2.3352276e+02
   2.3372088e+02
   2.2873475e+02
   2.1870445e+02
   2.0388132e+02
   1.8462209e+02
   1.6138077e+02
   1.3469817e+02
   1.0518962e+02
   7.3530971e+01
   4.0443294e+01
   6.6767532e+00
  -2.7006110e+01
  -5.9847235e+01
  -9.1109705e+01
  -1.2009388e+02
  -1.4615267e+02
  -1.6870558e+02
  -1.8725132e+02
  -2.0137872e+02
  -2.1077573e+02
  -2.1523626e+02
  -2.1466500e+02
  -2.0907975e+02
  -1.9861151e+02
  -1.8350216e+02
  -1.6409964e+02
  -1.4085088e+02
  -1.1429239e+02
  -8.5038588e+01
  -5.3768255e+01
  -2.1209072e+01
   1.1879273e+01
   4.4723091e+01
   7.6553350e+01
   1.0662446e+02
   1.3423264e+02
   1.5873336e+02
   1.7955727e+02
   1.9622435e+02
   2.0835562e+02
   2.1568237e+02
   2.1805255e+02
   2.1543418e+02
   2.0791567e+02
   1.9570317e+02
   1.7911489e+02
   1.5857270e+02
   1.3459111e+02
   1.0776404e+02
   7.8749824e+01
   4.8254693e+01
   1.7015391e+01
  -1.4218779e+01
  -4.4704005e+01
  -7.3719698e+01
  -1.0058552e+02
  -1.2467731e+02
  -1.4544158e+02
  -1.6240825e+02
  -1.7520134e+02
  -1.8354745e+02
  -1.8728188e+02
  -1.8635220e+02
  -1.8081935e+02
  -1.7085611e+02
  -1.5674304e+02
  -1.3886197e+02
  -1.1768698e+02
  -9.3773264e+01
  -6.7743729e+01
  -4.0273830e+01
  -1.2074766e+01
   1.6124541e+01
   4.3596256e+01
   6.9632705e+01
   9.3565150e+01
   1.1478163e+02
   1.3274335e+02
   1.4699903e+02
   1.5719685e+02
   1.6309370e+02
   1.6456130e+02
   1.6158933e+02
   1.5428518e+02
   1.4287062e+02
   1.2767531e+02
   1.0912742e+02
   8.7741648e+01
   6.4104991e+01
   3.8860671e+01
   1.2690750e+01
  -1.3702130e+01
  -3.9613384e+01
  -6.4355012e+01
  -8.7273562e+01
  -1.0776706e+02
  -1.2530054e+02
  -1.3941967e+02
  -1.4976242e+02
  -1.5606813e+02
  -1.5818424e+02
  -1.5607009e+02
  -1.4979801e+02
  -1.3955155e+02
  -1.2562078e+02
  -1.0839483e+02
  -8.8351803e+01
  -6.6046124e+01
  -4.2093721e+01
  -1.7155265e+01
   8.0820573e+00
   3.2923774e+01
   5.6687765e+01
   7.8723685e+01
   9.8431521e+01
   1.1527867e+02
   1.2881501e+02
   1.3868542e+02
   1.4463951e+02
   1.4653817e+02
   1.4435679e+02
   1.3818517e+02
   1.2822410e+02
   1.1477874e+02
   9.8249090e+01
   7.9117890e+01
   5.7936301e+01
   3.5307911e+01
   1.1871492e+01
  -1.1716987e+01
  -3.4802594e+01
  -5.6749443e+01
  -7.6957988e+01
  -9.4881175e+01
  -1.1003901e+02
  -1.2203117e+02
  -1.3054744e+02
  -1.3537564e+02
  -1.3640693e+02
  -1.3363845e+02
  -1.2717318e+02
  -1.1721700e+02
  -1.0407306e+02
  -8.8133600e+01
  -6.9869158e+01
  -4.9815659e+01
  -2.8559416e+01
  -6.7205027e+00
   1.5065134e+01
   3.6164323e+01
   5.5965495e+01
   7.3897064e+01
   8.9444708e+01
   1.0216694e+02
   1.1170843e+02
   1.1781065e+02
   1.2031948e+02
   1.1918961e+02
   1.1448555e+02
   1.0637922e+02
   9.5144294e+01
   8.1147350e+01
   6.4836233e+01
   4.6725936e+01
   2.7382530e+01
   7.4056397e+00
  -1.2589937e+01
  -3.1992918e+01
  -5.0213955e+01
  -6.6703240e+01
  -8.0966780e+01
  -9.2580881e+01
  -1.0120446e+02
  -1.0658884e+02
  -1.0858484e+02
  -1.0714692e+02
  -1.0233436e+02
  -9.4309383e+01
  -8.3332335e+01
  -6.9753899e+01
  -5.4004640e+01
  -3.6582038e+01
  -1.8035328e+01
   1.0514382e+00
   2.0077662e+01
   3.8445208e+01
   5.5577524e+01
   7.0938172e+01
   8.4048085e+01
   9.4500910e+01
   1.0197592e+02
   1.0624799e+02
   1.0719448e+02
   1.0479856e+02
   9.9149145e+01
   9.0437369e+01
   7.8949677e+01
   6.5057921e+01
   4.9206771e+01
   3.1898914e+01
   1.3678580e+01
  -4.8860678e+00
  -2.3221090e+01
  -4.0764917e+01
  -5.6985926e+01
  -7.1398908e+01
  -8.3579929e+01
  -9.3179152e+01
  -9.9931256e+01
  -1.0366316e+02
  -1.0429889e+02
  -1.0186140e+02
  -9.6471393e+01
  -8.8343095e+01
  -7.7777137e+01
  -6.5150694e+01
  -5.0905140e+01
  -3.5531552e+01
  -1.9554459e+01
  -3.5143531e+00
   1.2050468e+01
   2.6622066e+01
   3.9720359e+01
   5.0919278e+01
   5.9861018e+01
   6.6267849e+01
   6.9951137e+01
   7.0817254e+01
   6.8870223e+01
   6.4211016e+01
   5.7033519e+01
   4.7617311e+01
   3.6317500e+01
   2.3551957e+01
   9.7864282e+00
  -4.4819546e+00
  -1.8742137e+01
  -3.2486973e+01
  -4.5230777e+01
  -5.6526013e+01
  -6.5978518e+01
  -7.3260787e+01
  -7.8122873e+01
  -8.0400583e+01
  -8.0020730e+01
  -7.7003301e+01
  -7.1460481e+01
  -6.3592576e+01
  -5.3680926e+01
  -4.2078029e+01
  -2.9195126e+01
  -1.5487633e+01
  -1.4388875e+00
   1.2457250e+01
   2.5714267e+01
   3.7870672e+01
   4.8506735e+01
   5.7259670e+01
   6.3836643e+01
   6.8025147e+01
   6.9700355e+01
   6.8829212e+01
   6.5471129e+01
   5.9775270e+01
   5.1974544e+01
   4.2376541e+01
   3.1351782e+01
   1.9319724e+01
   6.7331020e+00
  -5.9388042e+00
  -1.8227333e+01
  -2.9681412e+01
  -3.9883720e+01
  -4.8465472e+01
  -5.5119319e+01
  -5.9609945e+01
  -6.1782045e+01
  -6.1565436e+01
  -5.8977195e+01
  -5.4120743e+01
  -4.7181942e+01
  -3.8422280e+01
  -2.8169375e+01
  -1.6805031e+01
  -4.7512444e+00
   7.5454088e+00
   1.9630439e+01
   3.1058529e+01
   4.1410346e+01
   5.0308386e+01
   5.7431196e+01
   6.2525394e+01
   6.5415012e+01
   6.6007828e+01
   6.4298431e+01
   6.0367934e+01
   5.4380372e+01
   4.6575920e+01
   3.7261249e+01
   2.6797399e+01
   1.5585690e+01
   4.0522203e+00
  -7.3684227e+00
  -1.8249647e+01
  -2.8188902e+01
  -3.6822713e+01
  -4.3840134e+01
  -4.8994160e+01
  -5.2110677e+01
  -5.3094677e+01
  -5.1933500e+01
  -4.8697024e+01
  -4.3534774e+01
  -3.6670043e+01
  -2.8391201e+01
  -1.9040471e+01
  -9.0005521e+00
   1.3204265e+00
   1.1505051e+01
   2.1143200e+01
   2.9848351e+01
   3.7272914e+01
   4.3121936e+01
   4.7164599e+01
   4.9243064e+01
   4.9278292e+01
   4.7272660e+01
   4.3309271e+01
   3.7548032e+01
   3.0218658e+01
   2.1610944e+01
   1.2062701e+01
   1.9458874e+00
  -8.3484792e+00
  -1.8426014e+01
  -2.7904627e+01
  -3.6429537e+01
  -4.3687057e+01
  -4.9416630e+01
  -5.3420675e+01
  -5.5571909e+01
  -5.5817897e+01
  -5.4182694e+01
  -5.0765543e+01
  -4.5736653e+01
  -3.9330211e+01
  -3.1834835e+01
  -2.3581787e+01
  -1.4931354e+01
  -6.2579145e+00
   2.0657124e+00
   9.6839333e+00
   1.6273368e+01
   2.1556463e+01
   2.5313134e+01
   2.7389928e+01
   2.7706343e+01
   2.6258043e+01
   2.3116851e+01
   1.8427531e+01
   1.2401489e+01
   5.3076595e+00
  -2.5390192e+00
  -1.0791032e+01
  -1.9083031e+01
  -2.7047248e+01
  -3.4328919e+01
  -4.0601079e+01
  -4.5578104e+01
  -4.9027468e+01
  -5.0779253e+01
  -5.0733059e+01
  -4.8862066e+01
  -4.5214111e+01
  -3.9909734e+01
  -3.3137262e+01
  -2.5145097e+01
  -1.6231479e+01
  -6.7321117e+00
   2.9938485e+00
   1.2578847e+01
   2.1662360e+01
   2.9906005e+01
   3.7007651e+01
   4.2713912e+01
   4.6830482e+01
   4.9229877e+01
   4.9856274e+01
   4.8727260e+01
   4.5932426e+01
   4.1628890e+01
   3.6033920e+01
   2.9415020e+01
   2.2077898e+01
   1.4352888e+01
   6.5804479e+00
  -9.0361717e-01
  -7.7825541e+00
  -1.3772061e+01
  -1.8632126e+01
  -2.2176813e+01
  -2.4281625e+01
  -2.4888148e+01
  -2.4005834e+01
  -2.1710864e+01
  -1.8142127e+01
  -1.3494493e+01
  -8.0096192e+00
  -1.9646683e+00
   4.3406024e+00
   1.0597789e+01
   1.6504170e+01
   2.1776717e+01
   2.6165076e+01
   2.9462917e+01
   3.1517113e+01
   3.2234369e+01
   3.1585015e+01
   2.9603825e+01
   2.6387850e+01
   2.2091368e+01
   1.6918208e+01
   1.1111805e+01
   4.9434853e+00
  -1.3004466e+00
  -7.3322041e+00
  -1.2875961e+01
  -1.7680627e+01
  -2.1531369e+01
  -2.4259393e+01
  -2.5749534e+01
  -2.5945376e+01
  -2.4851673e+01
  -2.2533979e+01
  -1.9115515e+01
  -1.4771361e+01
  -9.7202315e+00
  -4.2141365e+00
   1.4736010e+00
   7.0614391e+00
   1.2273178e+01
   1.6851305e+01
   2.0569428e+01
   2.3243178e+01
   2.4739027e+01
   2.4980604e+01
   2.3952227e+01
   2.1699483e+01
   1.8326857e+01
   1.3992531e+01
   8.9006176e+00
   3.2912248e+00
  -2.5711518e+00
  -8.4103348e+00
  -1.3951652e+01
  -1.8934981e+01
  -2.3127038e+01
  -2.6332351e+01
  -2.8402407e+01
  -2.9242574e+01
  -2.8816481e+01
  -2.7147680e+01
  -2.4318494e+01
  -2.0466098e+01
  -1.5775973e+01
  -1.0473012e+01
  -4.8106479e+00
   9.4147882e-01
   6.5107273e+00
   1.1634841e+01
   1.6074814e+01
   1.9626554e+01
   2.2130754e+01
   2.3480470e+01
   2.3626067e+01
   2.2577293e+01
   2.0402411e+01
   1.7224436e+01
   1.3214681e+01
   8.5839240e+00
   3.5716774e+00
  -1.5659079e+00
  -6.5688609e+00
  -1.1186287e+01
  -1.5188702e+01
  -1.8379200e+01
  -2.0602939e+01
  -2.1754497e+01
  -2.1782793e+01
  -2.0693347e+01
  -1.8547785e+01
  -1.5460610e+01
  -1.1593363e+01
  -7.1464284e+00
  -2.3488475e+00
   2.5533767e+00
   7.3098865e+00
   1.1678823e+01
   1.5439222e+01
   1.8402276e+01
   2.0420870e+01
   2.1396904e+01
   2.1286048e+01
   2.0099703e+01
   1.7904101e+01
   1.4816596e+01
   1.0999346e+01
   6.6507292e+00
   1.9949469e+00
  -2.7296304e+00
  -7.2827510e+00
  -1.1434565e+01
  -1.4977272e+01
  -1.7735542e+01
  -1.9575200e+01
  -2.0409749e+01
  -2.0204428e+01
  -1.8977627e+01
  -1.6799582e+01
  -1.3788439e+01
  -1.0103850e+01
  -5.9384475e+00
  -1.5075965e+00
   2.9619979e+00
   7.2442320e+00
   1.1125432e+01
   1.4415426e+01
   1.6957275e+01
   1.8635149e+01
   1.9379948e+01
   1.9172405e+01
   1.8043521e+01
   1.6072336e+01
   1.3381165e+01
   1.0128576e+01
   6.5004960e+00
   2.6999585e+00
  -1.0639390e+00
  -4.5872547e+00
  -7.6819969e+00
  -1.0185933e+01
  -1.1970921e+01
  -1.2949364e+01
  -1.3078492e+01
  -1.2362286e+01
  -1.0850963e+01
  -8.6380481e+00
  -5.8551708e+00
  -2.6648221e+00
   7.4857895e-01
   4.1888555e+00
   7.4589294e+00
   1.0371745e+01
   1.2760611e+01
   1.4488358e+01
   1.5454766e+01
   1.5601871e+01
   1.4916852e+01
   1.3432357e+01
   1.1224279e+01
   8.4071117e+00
   5.1271778e+00
   1.5541432e+00
  -2.1286784e+00
  -5.7346527e+00
  -9.0841936e+00
  -1.2014595e+01
  -1.4388792e+01
  -1.6102581e+01
  -1.7089940e+01
  -1.7326189e+01
  -1.6828835e+01
  -1.5656089e+01
  -1.3903115e+01
  -1.1696217e+01
  -9.1852385e+00
  -6.5346012e+00
  -3.9134684e+00
  -1.4856307e+00
   6.0026741e-01
   2.2195504e+00
   3.2788475e+00
   3.7215124e+00
   3.5308208e+00
   2.7307692e+00
   1.3844319e+00
  -4.1003525e-01
  -2.5255171e+00
  -4.8138293e+00
  -7.1148996e+00
  -9.2666775e+00
  -1.1115166e+01
  -1.2523968e+01
  -1.3382779e+01
  -1.3614332e+01
  -1.3179390e+01
  -1.2079512e+01
  -1.0357410e+01
  -8.0948838e+00
  -5.4084019e+00
  -2.4425812e+00
   6.3810066e-01
   3.6588776e+00
   6.4449811e+00
   8.8320099e+00
   1.0675739e+01
   1.1860770e+01
   1.2307500e+01
   1.1977006e+01
   1.0873558e+01
   9.0446254e+00
   6.5783679e+00
   3.5987587e+00
   2.5861862e-01
  -3.2690278e+00
  -6.8007580e+00
  -1.0153135e+01
  -1.3153055e+01
  -1.5647456e+01
  -1.7511833e+01
  -1.8657062e+01
  -1.9034167e+01
  -1.8636746e+01
  -1.7500933e+01
  -1.5702896e+01
  -1.3354003e+01
  -1.0593935e+01
  -7.5821528e+00
  -4.4882204e+00
  -1.4815971e+00
   1.2784802e+00
   3.6524009e+00
   5.5283006e+00
   6.8284204e+00
   7.5133365e+00
   7.5838224e+00
   7.0802429e+00
   6.0795172e+00
   4.6898289e+00
   3.0434014e+00
   1.2877858e+00
  -4.2377792e-01
  -1.9423023e+00
  -3.1326522e+00
  -3.8821972e+00
  -4.1079840e+00
  -3.7620040e+00
  -2.8342514e+00
  -1.3534012e+00
   6.1492835e-01
   2.9722260e+00
   5.5932105e+00
   8.3336565e+00
   1.1039436e+01
   1.3556193e+01
   1.5739032e+01
   1.7461591e+01
   1.8623919e+01
   1.9158675e+01
   1.9035255e+01
   1.8261608e+01
   1.6883635e+01
   1.4982215e+01
   1.2668048e+01
   1.0074654e+01
   7.3499743e+00
   4.6471381e+00
   2.1149818e+00
  -1.1107387e-01
  -1.9172272e+00
  -3.2180879e+00
  -3.9616623e+00
  -4.1322496e+00
  -3.7510842e+00
  -2.8746893e+00
  -1.5910328e+00
  -1.3706106e-02
   1.7255273e+00
   3.4853493e+00
   5.1241093e+00
   6.5090328e+00
   7.5247955e+00
   8.0808889e+00
   8.1173037e+00
   7.6081768e+00
   6.5631915e+00
   5.0266664e+00
   3.0744164e+00
   8.0861601e-01
  -1.6489775e+00
  -4.1649789e+00
  -6.6029789e+00
  -8.8322382e+00
  -1.0735921e+01
  -1.2218355e+01
  -1.3210872e+01
  -1.3675883e+01
  -1.3608961e+01
  -1.3038797e+01
  -1.2025051e+01
  -1.0654196e+01
  -9.0336177e+00
  -7.2843195e+00
  -5.5327125e+00
  -3.9020529e+00
  -2.5041301e+00
  -1.4317901e+00
  -7.5281199e-01
  -5.0554297e-01
  -6.9657272e-01
  -1.3005915e+00
  -2.2624382e+00
  -3.5012058e+00
  -4.9161329e+00
  -6.3938810e+00
  -7.8166877e+00
  -9.0708119e+00
  -1.0054673e+01
  -1.0686111e+01
  -1.0908283e+01
  -1.0693799e+01
  -1.0046838e+01
  -9.0030942e+00
  -7.6275645e+00
  -6.0102820e+00
  -4.2602745e+00
  -2.4981317e+00
  -8.4769143e-01
   5.7256512e-01
   1.6577878e+00
   2.3241102e+00
   2.5145717e+00
   2.2032131e+00
   1.3970854e+00
   1.3604504e-01
  -1.5096478e+00
  -3.4437741e+00
  -5.5503534e+00
  -7.7011755e+00
  -9.7641449e+00
  -1.1611854e+01
  -1.3129782e+01
  -1.4223574e+01
  -1.4824893e+01
  -1.4895507e+01
  -1.4429321e+01
  -1.3452267e+01
  -1.2020050e+01
  -1.0213909e+01
  -8.1346854e+00
  -5.8956240e+00
  -3.6144149e+00
  -1.4050737e+00
   6.2975897e-01
   2.4055497e+00
   3.8611783e+00
   4.9624711e+00
   5.7037442e+00
   6.1072743e+00
   6.2207514e+00
   6.1129032e+00
   5.8676109e+00
   5.5769525e+00
   5.3336941e+00
   5.2237935e+00
   5.3194733e+00
   5.6733734e+00
   6.3142055e+00
   7.2442240e+00
   8.4386937e+00
   9.8474014e+00
   1.1398115e+01
   1.3001752e+01
   1.4558896e+01
   1.5967162e+01
   1.7128872e+01
   1.7958441e+01
   1.8388945e+01
   1.8377371e+01
   1.7908196e+01
   1.6995030e+01
   1.5680208e+01
   1.4032349e+01
   1.2142041e+01
   1.0115935e+01
   8.0696642e+00
   6.1200934e+00
   4.3774618e+00
   2.9379861e+00
   1.8774488e+00
   1.2462194e+00
   1.0660449e+00
   1.3288225e+00
   1.9974333e+00
   3.0085792e+00
   4.2774289e+00
   5.7037470e+00
   7.1790623e+00
   8.5943414e+00
   9.8475914e+00
   1.0850828e+01
   1.1535900e+01
   1.1858762e+01
   1.1801909e+01
   1.1374825e+01
   1.0612440e+01
   9.5717384e+00
   8.3268108e+00
   6.9627268e+00
   5.5687318e+00
   4.2312766e+00
   3.0274025e+00
   2.0189567e+00
   1.2480496e+00
   7.3406693e-01
   4.7244748e-01
   4.3531405e-01
   5.7392216e-01
   8.2276298e-01
   1.1050297e+00
   1.3390374e+00
   1.4450894e+00
   1.3522298e+00
   1.0043245e+00
   3.6497436e-01
  -5.7912619e-01
  -1.8166408e+00
  -3.3119607e+00
  -5.0074532e+00
  -6.8274059e+00
  -8.6833562e+00
  -1.0480389e+01
  -1.2123921e+01
  -1.3526465e+01
  -1.4613868e+01
  -1.5330577e+01
  -1.5643545e+01
  -1.5544506e+01
  -1.5050461e+01
  -1.4202336e+01
  -1.3061916e+01
  -1.1707244e+01
  -1.0226840e+01
  -8.7131647e+00
  -7.2558536e+00
  -5.9352718e+00
  -4.8169102e+00
  -3.9470626e+00
  -3.3501056e+00
  -3.0275704e+00
  -2.9590578e+00
  -3.1049061e+00
  -3.4103868e+00
  -3.8110708e+00
  -4.2389036e+00
  -4.6284613e+00
  -4.9228495e+00
  -5.0787487e+00
  -5.0701930e+00
  -4.8907844e+00
  -4.5541667e+00
  -4.0927236e+00
  -3.5545979e+00
  -2.9992691e+00
  -2.4920508e+00
  -2.0979780e+00
  -1.8756183e+00
  -1.8713553e+00
  -2.1146444e+00
  -2.6146532e+00
  -3.3585758e+00
  -4.3117707e+00
  -5.4197253e+00
  -6.6117011e+00
  -7.8057769e+00
  -8.9148894e+00
  -9.8533925e+00
  -1.0543615e+01
  -1.0921898e+01
  -1.0943640e+01
  -1.0586935e+01
  -9.8545423e+00
  -8.7739987e+00
  -7.3958679e+00
  -5.7902385e+00
  -4.0417230e+00
  -2.2433380e+00
  -4.8974689e-01
   1.1295955e+00
   2.5368517e+00
   3.6712657e+00
   4.4932679e+00
   4.9869218e+00
   5.1605386e+00
   5.0454271e+00
   4.6928820e+00
   4.1696580e+00
   3.5522977e+00
   2.9207862e+00
   2.3520600e+00
   1.9139056e+00
   1.6597375e+00
   1.6246606e+00
   1.8231118e+00
   2.2482471e+00
   2.8731093e+00
   3.6534717e+00
   4.5321196e+00
   5.4442032e+00
   6.3231911e+00
   7.1068924e+00
   7.7430080e+00
   8.1937234e+00
   8.4389532e+00
   8.4779662e+00
   8.3292603e+00
   8.0286967e+00
   7.6260463e+00
   7.1802390e+00
   6.7537336e+00
   6.4065121e+00
   6.1902442e+00
   6.1431444e+00
   6.2859733e+00
   6.6195268e+00
   7.1238296e+00
   7.7591172e+00
   8.4685471e+00
   9.1824414e+00
   9.8237255e+00
   1.0314112e+01
   1.0580499e+01
   1.0561023e+01
   1.0210257e+01
   9.5031022e+00
   8.4370834e+00
   7.0328510e+00
   5.3328746e+00
   3.3984417e+00
   1.3052210e+00
  -8.6223248e-01
  -3.0165682e+00
  -5.0738271e+00
  -6.9592286e+00
  -8.6121060e+00
  -9.9896199e+00
  -1.1068982e+01
  -1.1848043e+01
  -1.2344215e+01
  -1.2591830e+01
  -1.2638154e+01
  -1.2538377e+01
  -1.2350039e+01
  -1.2127383e+01
  -1.1916173e+01
  -1.1749455e+01
  -1.1644643e+01
  -1.1602176e+01
  -1.1605871e+01
  -1.1624906e+01
  -1.1617260e+01
  -1.1534280e+01
  -1.1325933e+01
  -1.0946243e+01
  -1.0358403e+01
  -9.5390726e+00
  -8.4814770e+00
  -7.1970158e+00
  -5.7152353e+00
  -4.0821462e+00
  -2.3570163e+00
  -6.0791348e-01
   1.0936043e+00
   2.6781577e+00
   4.0840403e+00
   5.2620268e+00
   6.1790644e+00
   6.8205293e+00
   7.1908667e+00
   7.3125725e+00
   7.2236141e+00
   6.9735299e+00
   6.6185637e+00
   6.2162882e+00
   5.8202154e+00
   5.4748897e+00
   5.2119069e+00
   5.0472198e+00
   4.9799678e+00
   4.9929393e+00
   5.0546278e+00
   5.1226984e+00
   5.1485462e+00
   5.0825163e+00
   4.8792843e+00
   4.5028822e+00
   3.9308946e+00
   3.1574366e+00
   2.1946392e+00
   1.0725012e+00
  -1.6289281e-01
  -1.4526461e+00
  -2.7295369e+00
  -3.9233201e+00
  -4.9663581e+00
  -5.7990664e+00
  -6.3746793e+00
  -6.6629191e+00
  -6.6522586e+00
  -6.3505918e+00
  -5.7842648e+00
  -4.9955522e+00
  -4.0388024e+00
  -2.9755985e+00
  -1.8693849e+00
  -7.8006893e-01
   2.4089489e-01
   1.1544831e+00
   1.9367954e+00
   2.5802354e+00
   3.0930990e+00
   3.4976304e+00
   3.8267499e+00
   4.1197849e+00
   4.4176330e+00
   4.7578409e+00
   5.1700813e+00
   5.6724643e+00
   6.2690332e+00
   6.9486855e+00
   7.6856259e+00
   8.4413247e+00
   9.1678118e+00
   9.8120044e+00
   1.0320656e+01
   1.0645446e+01
   1.0747699e+01
   1.0602303e+01
   1.0200426e+01
   9.5507983e+00
   8.6794386e+00
   7.6278236e+00
   6.4496722e+00
   5.2066180e+00
   3.9631756e+00
   2.7814776e+00
   1.7162836e+00
   8.1073139e-01
   9.3219034e-02
