   0.0000000e+00
   0.0000000e+00
   0.0000000e+00
   0.0000000e+00
   0.0000000e+00
   0.0000000e+00
   0.0000000e+00
   0.0000000e+00
   0.0000000e+00
   0.0000000e+00
   0.0000000e+00
   3.1415900e-03
   1.2566400e-02
   3.7699100e-02
   6.5973400e-02
   1.0367300e-01
   1.5393800e-01
   2.0734500e-01
   2.6703500e-01
   3.4243400e-01
   4.2097300e-01
   5.0893800e-01
   6.0318600e-01
   7.0685800e-01
   8.1995600e-01
   9.4247800e-01
   1.0712800e+00
   1.2095100e+00
   1.3540300e+00
   1.5048200e+00
   1.6650400e+00
   1.8346900e+00
   2.0106200e+00
   2.1928300e+00
   2.3844700e+00
   2.5823900e+00
   2.7865900e+00
   3.0002200e+00
   3.2201300e+00
   3.4463300e+00
   3.6819500e+00
   3.9238500e+00
   4.1751800e+00
   4.4296400e+00
   4.6935400e+00
   4.9668600e+00
   5.2433200e+00
   5.5323400e+00
   5.8245100e+00
   6.1292500e+00
   6.4371200e+00
   6.7575600e+00
   7.0842900e+00
   7.4173000e+00
   7.7628700e+00
   8.1115900e+00
   8.4728700e+00
   8.8404400e+00
   9.2205700e+00
   9.6038500e+00
   9.9996900e+00
   1.0401800e+01
   1.0816500e+01
   1.1237500e+01
   1.1664700e+01
   1.2104600e+01
   1.2553800e+01
   1.3012500e+01
   1.3480600e+01
   1.3958100e+01
   1.4445000e+01
   1.4944600e+01
   1.5453500e+01
   1.5971900e+01
   1.6502800e+01
   1.7040000e+01
   1.7589800e+01
   1.8152100e+01
   1.8723900e+01
   1.9305100e+01
   1.9902000e+01
   2.0505200e+01
   2.1124100e+01
   2.1755500e+01
   2.2399600e+01
   2.3053000e+01
   2.3722200e+01
   2.4400700e+01
   2.5091900e+01
   2.5795600e+01
   2.6511900e+01
   2.7243900e+01
   2.7988400e+01
   2.8745600e+01
   2.9518400e+01
   3.0300700e+01
   3.1095500e+01
   3.1906000e+01
   3.2729100e+01
   3.3567900e+01
   3.4416100e+01
   3.5283200e+01
   3.6159700e+01
   3.7051900e+01
   3.7956700e+01
   3.8877200e+01
   3.9813400e+01
   4.0762200e+01
   4.1726600e+01
   4.2700500e+01
   4.3693300e+01
   4.4698600e+01
   4.5719600e+01
   4.6756300e+01
   4.7805600e+01
   4.8870600e+01
   4.9951300e+01
   5.1044600e+01
   5.2156700e+01
   5.3281400e+01
   5.4421800e+01
   5.5574800e+01
   5.6740300e+01
   5.7924700e+01
   5.9121600e+01
   6.0337400e+01
   6.1559500e+01
   6.2794100e+01
   6.4047600e+01
   6.5313700e+01
   6.6592300e+01
   6.7886700e+01
   6.9187300e+01
   7.0506800e+01
   7.1841900e+01
   7.3186500e+01
   7.4543700e+01
   7.5910300e+01
   7.7295700e+01
   7.8693700e+01
   8.0101200e+01
   8.1518000e+01
   8.2947500e+01
   8.4389400e+01
   8.5844000e+01
   8.7304800e+01
   8.8778300e+01
   9.0261100e+01
   9.1756500e+01
   9.3251900e+01
   9.4741000e+01
   9.6233200e+01
   9.7725500e+01
   9.9208300e+01
   1.0069100e+02
   1.0217100e+02
   1.0364700e+02
   1.0512100e+02
   1.0658800e+02
   1.0805500e+02
   1.0951900e+02
   1.1098000e+02
   1.1243400e+02
   1.1388600e+02
   1.1533400e+02
   1.1677900e+02
   1.1821800e+02
   1.1965400e+02
   1.2108300e+02
   1.2251000e+02
   1.2393300e+02
   1.2535000e+02
   1.2676000e+02
   1.2816400e+02
   1.2956600e+02
   1.3096000e+02
   1.3234600e+02
   1.3372800e+02
   1.3510400e+02
   1.3647100e+02
   1.3783100e+02
   1.3918500e+02
   1.4053000e+02
   1.4186800e+02
   1.4320000e+02
   1.4452000e+02
   1.4583000e+02
   1.4713300e+02
   1.4842800e+02
   1.4971300e+02
   1.5098500e+02
   1.5224800e+02
   1.5350100e+02
   1.5474200e+02
   1.5597400e+02
   1.5719000e+02
   1.5839600e+02
   1.5959000e+02
   1.6077100e+02
   1.6194300e+02
   1.6309600e+02
   1.6423300e+02
   1.6535100e+02
   1.6644800e+02
   1.6752200e+02
   1.6857800e+02
   1.6961100e+02
   1.7061700e+02
   1.7160300e+02
   1.7256500e+02
   1.7350700e+02
   1.7442100e+02
   1.7531300e+02
   1.7617700e+02
   1.7701600e+02
   1.7782700e+02
   1.7861200e+02
   1.7936900e+02
   1.8010100e+02
   1.8080800e+02
   1.8148700e+02
   1.8213700e+02
   1.8275900e+02
   1.8335000e+02
   1.8390900e+02
   1.8444000e+02
   1.8494600e+02
   1.8542300e+02
   1.8586900e+02
   1.8628700e+02
   1.8667300e+02
   1.8703500e+02
   1.8736500e+02
   1.8766300e+02
   1.8793000e+02
   1.8816600e+02
   1.8837300e+02
   1.8854300e+02
   1.8868100e+02
   1.8878500e+02
   1.8885100e+02
   1.8888200e+02
   1.8887600e+02
   1.8882900e+02
   1.8875000e+02
   1.8863100e+02
   1.8847700e+02
   1.8828200e+02
   1.8804600e+02
   1.8777000e+02
   1.8744600e+02
   1.8707900e+02
   1.8666700e+02
   1.8621200e+02
   1.8571500e+02
   1.8520300e+02
   1.8469100e+02
   1.8417300e+02
   1.8364200e+02
   1.8310500e+02
   1.8256400e+02
   1.8201800e+02
   1.8146500e+02
   1.8091200e+02
   1.8035300e+02
   1.7979000e+02
   1.7923100e+02
   1.7866900e+02
   1.7810600e+02
   1.7754400e+02
   1.7698200e+02
   1.7641900e+02
   1.7585700e+02
   1.7529500e+02
   1.7473200e+02
   1.7417300e+02
   1.7361400e+02
   1.7306100e+02
   1.7251100e+02
   1.7196400e+02
   1.7142400e+02
   1.7089000e+02
   1.7036500e+02
   1.6984400e+02
   1.6933800e+02
   1.6885700e+02
   1.6841100e+02
   1.6799300e+02
   1.6760400e+02
   1.6724600e+02
   1.6691900e+02
   1.6662100e+02
   1.6635400e+02
   1.6611800e+02
   1.6591400e+02
   1.6574100e+02
   1.6559600e+02
   1.6548300e+02
   1.6540500e+02
   1.6536100e+02
   1.6535500e+02
   1.6538000e+02
   1.6543900e+02
   1.6553000e+02
   1.6565900e+02
   1.6582300e+02
   1.6602700e+02
   1.6626900e+02
   1.6655100e+02
   1.6687800e+02
   1.6724900e+02
   1.6766700e+02
   1.6813200e+02
   1.6864100e+02
   1.6919400e+02
   1.6978400e+02
   1.7041600e+02
   1.7107900e+02
   1.7177600e+02
   1.7250500e+02
   1.7324900e+02
   1.7399700e+02
   1.7474800e+02
   1.7550500e+02
   1.7626800e+02
   1.7703800e+02
   1.7780800e+02
   1.7858400e+02
   1.7936000e+02
   1.8013300e+02
   1.8090500e+02
   1.8168100e+02
   1.8245400e+02
   1.8323000e+02
   1.8400600e+02
   1.8478200e+02
   1.8555800e+02
   1.8632800e+02
   1.8710100e+02
   1.8786700e+02
   1.8862700e+02
   1.8938800e+02
   1.9014200e+02
   1.9088900e+02
   1.9163100e+02
   1.9236300e+02
   1.9308500e+02
   1.9379900e+02
   1.9448700e+02
   1.9514300e+02
   1.9577800e+02
   1.9638400e+02
   1.9696500e+02
   1.9752100e+02
   1.9805500e+02
   1.9856100e+02
   1.9904500e+02
   1.9950100e+02
   1.9992500e+02
   2.0032400e+02
   2.0069400e+02
   2.0103000e+02
   2.0133500e+02
   2.0161200e+02
   2.0185700e+02
   2.0207700e+02
   2.0226200e+02
   2.0241600e+02
   2.0253500e+02
   2.0262600e+02
   2.0268000e+02
   2.0270200e+02
   2.0269200e+02
   2.0264800e+02
   2.0257600e+02
   2.0246600e+02
   2.0232500e+02
   2.0214600e+02
   2.0192900e+02
   2.0167400e+02
   2.0137900e+02
   2.0104000e+02
   2.0065300e+02
   2.0022900e+02
   1.9979600e+02
   1.9936500e+02
   1.9893200e+02
   1.9848600e+02
   1.9803700e+02
   1.9759000e+02
   1.9713800e+02
   1.9668600e+02
   1.9623300e+02
   1.9577800e+02
   1.9532200e+02
   1.9487000e+02
   1.9442100e+02
   1.9397100e+02
   1.9352800e+02
   1.9309200e+02
   1.9266100e+02
   1.9224300e+02
   1.9185100e+02
   1.9149300e+02
   1.9116300e+02
   1.9086100e+02
   1.9059100e+02
   1.9034900e+02
   1.9013500e+02
   1.8995000e+02
   1.8979300e+02
   1.8966400e+02
   1.8956700e+02
   1.8949800e+02
   1.8946000e+02
   1.8945100e+02
   1.8947600e+02
   1.8952900e+02
   1.8961100e+02
   1.8972400e+02
   1.8986800e+02
   1.9005100e+02
   1.9026700e+02
   1.9052200e+02
   1.9081700e+02
   1.9115000e+02
   1.9152700e+02
   1.9195100e+02
   1.9241600e+02
   1.9292800e+02
   1.9347500e+02
   1.9403100e+02
   1.9458700e+02
   1.9514900e+02
   1.9571800e+02
   1.9629300e+02
   1.9687100e+02
   1.9744900e+02
   1.9802700e+02
   1.9860800e+02
   1.9918900e+02
   1.9976800e+02
   2.0034200e+02
   2.0091700e+02
   2.0148600e+02
   2.0205500e+02
   2.0261400e+02
   2.0317000e+02
   2.0371700e+02
   2.0423500e+02
   2.0472800e+02
   2.0519000e+02
   2.0562300e+02
   2.0602900e+02
   2.0640600e+02
   2.0675400e+02
   2.0707800e+02
   2.0736700e+02
   2.0762800e+02
   2.0786000e+02
   2.0805800e+02
   2.0822500e+02
   2.0836300e+02
   2.0847300e+02
   2.0854800e+02
   2.0859200e+02
   2.0860500e+02
   2.0858600e+02
   2.0853900e+02
   2.0845700e+02
   2.0834700e+02
   2.0820300e+02
   2.0802100e+02
   2.0780400e+02
   2.0754300e+02
   2.0724500e+02
   2.0689900e+02
   2.0651600e+02
   2.0612300e+02
   2.0573700e+02
   2.0534100e+02
   2.0493900e+02
   2.0453600e+02
   2.0413400e+02
   2.0372900e+02
   2.0332100e+02
   2.0291500e+02
   2.0251000e+02
   2.0210800e+02
   2.0170600e+02
   2.0131300e+02
   2.0093300e+02
   2.0058400e+02
   2.0026700e+02
   1.9997800e+02
   1.9972000e+02
   1.9949400e+02
   1.9929900e+02
   1.9913600e+02
   1.9900400e+02
   1.9890700e+02
   1.9884100e+02
   1.9880900e+02
   1.9881300e+02
   1.9884700e+02
   1.9891600e+02
   1.9902000e+02
   1.9915800e+02
   1.9933400e+02
   1.9955100e+02
   1.9980800e+02
   2.0011000e+02
   2.0045600e+02
   2.0084500e+02
   2.0127900e+02
   2.0175000e+02
   2.0224000e+02
   2.0273000e+02
   2.0322600e+02
   2.0373200e+02
   2.0424100e+02
   2.0475300e+02
   2.0526500e+02
   2.0578400e+02
   2.0629900e+02
   2.0681700e+02
   2.0733600e+02
   2.0784800e+02
   2.0835700e+02
   2.0885900e+02
   2.0935600e+02
   2.0982400e+02
   2.1027000e+02
   2.1068800e+02
   2.1108000e+02
   2.1145100e+02
   2.1179400e+02
   2.1211100e+02
   2.1240300e+02
   2.1267000e+02
   2.1290300e+02
   2.1310000e+02
   2.1326400e+02
   2.1339600e+02
   2.1349300e+02
   2.1356200e+02
   2.1359400e+02
   2.1359400e+02
   2.1355900e+02
   2.1349300e+02
   2.1339600e+02
   2.1326400e+02
   2.1309400e+02
   2.1288400e+02
   2.1263200e+02
   2.1233400e+02
   2.1199500e+02
   2.1164600e+02
   2.1130300e+02
   2.1095800e+02
   2.1060900e+02
   2.1025700e+02
   2.0990500e+02
   2.0955400e+02
   2.0920200e+02
   2.0885300e+02
   2.0851100e+02
   2.0819300e+02
   2.0790100e+02
   2.0764000e+02
   2.0740800e+02
   2.0720400e+02
   2.0702500e+02
   2.0688000e+02
   2.0676400e+02
   2.0667900e+02
   2.0662900e+02
   2.0661000e+02
   2.0662300e+02
   2.0666600e+02
   2.0674200e+02
   2.0684900e+02
   2.0699000e+02
   2.0716600e+02
   2.0738000e+02
   2.0763100e+02
   2.0792600e+02
   2.0826600e+02
   2.0864600e+02
   2.0906400e+02
   2.0949400e+02
   2.0992400e+02
   2.1036100e+02
   2.1079800e+02
   2.1123800e+02
   2.1167700e+02
   2.1212000e+02
   2.1256300e+02
   2.1300600e+02
   2.1344300e+02
   2.1388000e+02
   2.1430700e+02
   2.1470900e+02
   2.1507700e+02
   2.1541600e+02
   2.1573000e+02
   2.1601900e+02
   2.1628300e+02
   2.1651900e+02
   2.1673200e+02
   2.1692400e+02
   2.1708400e+02
   2.1721900e+02
   2.1732300e+02
   2.1739800e+02
   2.1744500e+02
   2.1746400e+02
   2.1745500e+02
   2.1742000e+02
   2.1735700e+02
   2.1726900e+02
   2.1715000e+02
   2.1699600e+02
   2.1681100e+02
   2.1659100e+02
   2.1633300e+02
   2.1604100e+02
   2.1573300e+02
   2.1543800e+02
   2.1514900e+02
   2.1485000e+02
   2.1455500e+02
   2.1426600e+02
   2.1398600e+02
   2.1372900e+02
   2.1350300e+02
   2.1330800e+02
   2.1313800e+02
   2.1300000e+02
   2.1289600e+02
   2.1282400e+02
   2.1278300e+02
   2.1277100e+02
   2.1279300e+02
   2.1284300e+02
   2.1292500e+02
   2.1303800e+02
   2.1318500e+02
   2.1337400e+02
   2.1359400e+02
   2.1385400e+02
   2.1415600e+02
   2.1450500e+02
   2.1489400e+02
   2.1531500e+02
   2.1574900e+02
   2.1617900e+02
   2.1661300e+02
   2.1704900e+02
   2.1748300e+02
   2.1792300e+02
   2.1835900e+02
   2.1879600e+02
   2.1923000e+02
   2.1965700e+02
   2.2005900e+02
   2.2042700e+02
   2.2076900e+02
   2.2107700e+02
   2.2135300e+02
   2.2160200e+02
   2.2182200e+02
   2.2201300e+02
   2.2218300e+02
   2.2232700e+02
   2.2244700e+02
   2.2253800e+02
   2.2260400e+02
   2.2263800e+02
   2.2264800e+02
   2.2262900e+02
   2.2258200e+02
   2.2251000e+02
   2.2240600e+02
   2.2227400e+02
   2.2211400e+02
   2.2191900e+02
   2.2169300e+02
   2.2142900e+02
   2.2114000e+02
   2.2086000e+02
   2.2059000e+02
   2.2031400e+02
   2.2004000e+02
   2.1978300e+02
   2.1955300e+02
   2.1935900e+02
   2.1919500e+02
   2.1906300e+02
   2.1896000e+02
   2.1888400e+02
   2.1883700e+02
   2.1882100e+02
   2.1883400e+02
   2.1887800e+02
   2.1894700e+02
   2.1904800e+02
   2.1917600e+02
   2.1934300e+02
   2.1954400e+02
   2.1978600e+02
   2.2007200e+02
   2.2039800e+02
   2.2076300e+02
   2.2115200e+02
   2.2153600e+02
   2.2191900e+02
   2.2230500e+02
   2.2269500e+02
   2.2308100e+02
   2.2346500e+02
   2.2384800e+02
   2.2422500e+02
   2.2457700e+02
   2.2490300e+02
   2.2520200e+02
   2.2547500e+02
   2.2571400e+02
   2.2592100e+02
   2.2609400e+02
   2.2622900e+02
   2.2633300e+02
   2.2640500e+02
   2.2644300e+02
   2.2644900e+02
   2.2642400e+02
   2.2636400e+02
   2.2627300e+02
   2.2615100e+02
   2.2598700e+02
   2.2578600e+02
   2.2554400e+02
   2.2526500e+02
   2.2497300e+02
   2.2469300e+02
   2.2441000e+02
   2.2412400e+02
   2.2383800e+02
   2.2355900e+02
   2.2328600e+02
   2.2304000e+02
   2.2282700e+02
   2.2264100e+02
   2.2249100e+02
   2.2236800e+02
   2.2227700e+02
   2.2222100e+02
   2.2219500e+02
   2.2219900e+02
   2.2223900e+02
   2.2230800e+02
   2.2241200e+02
   2.2255400e+02
   2.2272900e+02
   2.2294300e+02
   2.2319800e+02
   2.2349300e+02
   2.2383200e+02
   2.2419300e+02
   2.2455200e+02
   2.2491000e+02
   2.2527100e+02
   2.2563200e+02
   2.2599400e+02
   2.2635500e+02
   2.2671300e+02
   2.2704300e+02
   2.2734800e+02
   2.2762400e+02
   2.2787200e+02
   2.2809200e+02
   2.2828700e+02
   2.2845700e+02
   2.2859800e+02
   2.2871700e+02
   2.2880800e+02
   2.2887800e+02
   2.2891800e+02
   2.2893400e+02
   2.2892200e+02
   2.2888400e+02
   2.2882100e+02
   2.2873300e+02
   2.2861400e+02
   2.2846600e+02
   2.2828700e+02
   2.2807600e+02
   2.2782800e+02
   2.2756800e+02
   2.2732200e+02
   2.2708400e+02
   2.2684500e+02
   2.2663100e+02
   2.2644900e+02
   2.2630800e+02
   2.2620100e+02
   2.2612900e+02
   2.2609400e+02
   2.2609700e+02
   2.2613800e+02
   2.2621300e+02
   2.2632700e+02
   2.2647700e+02
   2.2667200e+02
   2.2690500e+02
   2.2718100e+02
   2.2749500e+02
   2.2784100e+02
   2.2819600e+02
   2.2854800e+02
   2.2890300e+02
   2.2926400e+02
   2.2962200e+02
   2.2998000e+02
   2.3033800e+02
   2.3068700e+02
   2.3101700e+02
   2.3131900e+02
   2.3159500e+02
   2.3184000e+02
   2.3206000e+02
   2.3224800e+02
   2.3240600e+02
   2.3253100e+02
   2.3262500e+02
   2.3268800e+02
   2.3271300e+02
   2.3270400e+02
   2.3266300e+02
   2.3258500e+02
   2.3247500e+02
   2.3232400e+02
   2.3214200e+02
   2.3192200e+02
   2.3166700e+02
   2.3141300e+02
   2.3116800e+02
   2.3091600e+02
   2.3066500e+02
   2.3042300e+02
   2.3021000e+02
   2.3003100e+02
   2.2988300e+02
   2.2977000e+02
   2.2968800e+02
   2.2964100e+02
   2.2963200e+02
   2.2965400e+02
   2.2971300e+02
   2.2980400e+02
   2.2993300e+02
   2.3009600e+02
   2.3030100e+02
   2.3054600e+02
   2.3083500e+02
   2.3116500e+02
   2.3151300e+02
   2.3185600e+02
   2.3220100e+02
   2.3255000e+02
   2.3289900e+02
   2.3324700e+02
   2.3359600e+02
   2.3392900e+02
   2.3424000e+02
   2.3452300e+02
   2.3477700e+02
   2.3500700e+02
   2.3521100e+02
   2.3539000e+02
   2.3554700e+02
   2.3567900e+02
   2.3578900e+02
   2.3586800e+02
   2.3592100e+02
   2.3594300e+02
   2.3593700e+02
   2.3590200e+02
   2.3584200e+02
   2.3575100e+02
   2.3563200e+02
   2.3548700e+02
   2.3531200e+02
   2.3510400e+02
   2.3488700e+02
   2.3468600e+02
   2.3452000e+02
   2.3438500e+02
   2.3428700e+02
   2.3422800e+02
   2.3420300e+02
   2.3422100e+02
   2.3427800e+02
   2.3437500e+02
   2.3451400e+02
   2.3469300e+02
   2.3491300e+02
   2.3517300e+02
   2.3547800e+02
   2.3581100e+02
   2.3615700e+02
   2.3650200e+02
   2.3685700e+02
   2.3721500e+02
   2.3757300e+02
   2.3793200e+02
   2.3829000e+02
   2.3864200e+02
   2.3896800e+02
   2.3927000e+02
   2.3954600e+02
   2.3978800e+02
   2.4000200e+02
   2.4017800e+02
   2.4032200e+02
   2.4043900e+02
   2.4052700e+02
   2.4058000e+02
   2.4060500e+02
   2.4059600e+02
   2.4055800e+02
   2.4048900e+02
   2.4038800e+02
   2.4025600e+02
   2.4008700e+02
   2.3987900e+02
   2.3965300e+02
   2.3944300e+02
   2.3923900e+02
   2.3902800e+02
   2.3884900e+02
   2.3870100e+02
   2.3858800e+02
   2.3851000e+02
   2.3846600e+02
   2.3845900e+02
   2.3848800e+02
   2.3855100e+02
   2.3865100e+02
   2.3878900e+02
   2.3896500e+02
   2.3918200e+02
   2.3944000e+02
   2.3973500e+02
   2.4004600e+02
   2.4035400e+02
   2.4066200e+02
   2.4097600e+02
   2.4129000e+02
   2.4160100e+02
   2.4190600e+02
   2.4218500e+02
   2.4244000e+02
   2.4266600e+02
   2.4287000e+02
   2.4304300e+02
   2.4318800e+02
   2.4330700e+02
   2.4339500e+02
   2.4345100e+02
   2.4348000e+02
   2.4347700e+02
   2.4344500e+02
   2.4338500e+02
   2.4329700e+02
   2.4317500e+02
   2.4302100e+02
   2.4283200e+02
   2.4261600e+02
   2.4239900e+02
   2.4219800e+02
   2.4200600e+02
   2.4184300e+02
   2.4171700e+02
   2.4162900e+02
   2.4157600e+02
   2.4156600e+02
   2.4159800e+02
   2.4167000e+02
   2.4178600e+02
   2.4194300e+02
   2.4214800e+02
   2.4239300e+02
   2.4267900e+02
   2.4299900e+02
   2.4332900e+02
   2.4365900e+02
   2.4399200e+02
   2.4432800e+02
   2.4466400e+02
   2.4499700e+02
   2.4532400e+02
   2.4562500e+02
   2.4590200e+02
   2.4614700e+02
   2.4636700e+02
   2.4655500e+02
   2.4671500e+02
   2.4684400e+02
   2.4694500e+02
   2.4702000e+02
   2.4706700e+02
   2.4708900e+02
   2.4708300e+02
   2.4704900e+02
   2.4698900e+02
   2.4690100e+02
   2.4678100e+02
   2.4663400e+02
   2.4644800e+02
   2.4626000e+02
   2.4608700e+02
   2.4595200e+02
   2.4585500e+02
   2.4578900e+02
   2.4576400e+02
   2.4577600e+02
   2.4582600e+02
   2.4591400e+02
   2.4604300e+02
   2.4621300e+02
   2.4642000e+02
   2.4667200e+02
   2.4695700e+02
   2.4726800e+02
   2.4757900e+02
   2.4789400e+02
   2.4821100e+02
   2.4852800e+02
   2.4884200e+02
   2.4915000e+02
   2.4943300e+02
   2.4968400e+02
   2.4991100e+02
   2.5010800e+02
   2.5028100e+02
   2.5042600e+02
   2.5054200e+02
   2.5062700e+02
   2.5068300e+02
   2.5070500e+02
   2.5070200e+02
   2.5066400e+02
   2.5059900e+02
   2.5050400e+02
   2.5037500e+02
   2.5021200e+02
   2.5002000e+02
   2.4982900e+02
   2.4965900e+02
   2.4951200e+02
   2.4939800e+02
   2.4932600e+02
   2.4928800e+02
   2.4929500e+02
   2.4934200e+02
   2.4943000e+02
   2.4956200e+02
   2.4973800e+02
   2.4995100e+02
   2.5020600e+02
   2.5048900e+02
   2.5077400e+02
   2.5107000e+02
   2.5136800e+02
   2.5167000e+02
   2.5197100e+02
   2.5227000e+02
   2.5256200e+02
   2.5282600e+02
   2.5305800e+02
   2.5326300e+02
   2.5343500e+02
   2.5358300e+02
   2.5370200e+02
   2.5380000e+02
   2.5386900e+02
   2.5391300e+02
   2.5393200e+02
   2.5392200e+02
   2.5388800e+02
   2.5382800e+02
   2.5374000e+02
   2.5362400e+02
   2.5347900e+02
   2.5330000e+02
   2.5311200e+02
   2.5294800e+02
   2.5282300e+02
   2.5273500e+02
   2.5268500e+02
   2.5267200e+02
   2.5269700e+02
   2.5276000e+02
   2.5286400e+02
   2.5300500e+02
   2.5318700e+02
   2.5341000e+02
   2.5367100e+02
   2.5396600e+02
   2.5426500e+02
   2.5456300e+02
   2.5485900e+02
   2.5516000e+02
   2.5545500e+02
   2.5572900e+02
   2.5597400e+02
   2.5618700e+02
   2.5637300e+02
   2.5653300e+02
   2.5666200e+02
   2.5676200e+02
   2.5683500e+02
   2.5688200e+02
   2.5690100e+02
   2.5689400e+02
   2.5685700e+02
   2.5679400e+02
   2.5670300e+02
   2.5658000e+02
   2.5642600e+02
   2.5624400e+02
   2.5606500e+02
   2.5591700e+02
   2.5581000e+02
   2.5574100e+02
   2.5571000e+02
   2.5571600e+02
   2.5576600e+02
   2.5585800e+02
   2.5599300e+02
   2.5616900e+02
   2.5638800e+02
   2.5664900e+02
   2.5693800e+02
   2.5723000e+02
   2.5752300e+02
   2.5782400e+02
   2.5812300e+02
   2.5842100e+02
   2.5871000e+02
   2.5897100e+02
   2.5920300e+02
   2.5940800e+02
   2.5957700e+02
   2.5971900e+02
   2.5983200e+02
   2.5991000e+02
   2.5996400e+02
   2.5998600e+02
   2.5998200e+02
   2.5994800e+02
   2.5988200e+02
   2.5979100e+02
   2.5966500e+02
   2.5950500e+02
   2.5932300e+02
   2.5915300e+02
   2.5901800e+02
   2.5891400e+02
   2.5884500e+02
   2.5881100e+02
   2.5880700e+02
   2.5883900e+02
   2.5890200e+02
   2.5900200e+02
   2.5913700e+02
   2.5931000e+02
   2.5952100e+02
   2.5976900e+02
   2.6003900e+02
   2.6030900e+02
   2.6057000e+02
   2.6083400e+02
   2.6109500e+02
   2.6132700e+02
   2.6152800e+02
   2.6169500e+02
   2.6183000e+02
   2.6193300e+02
   2.6200600e+02
   2.6204600e+02
   2.6205900e+02
   2.6204300e+02
   2.6199900e+02
   2.6192700e+02
   2.6182000e+02
   2.6168500e+02
   2.6150900e+02
   2.6130800e+02
   2.6111000e+02
   2.6093100e+02
   2.6078000e+02
   2.6066400e+02
   2.6058600e+02
   2.6054200e+02
   2.6053900e+02
   2.6057300e+02
   2.6065200e+02
   2.6076500e+02
   2.6092200e+02
   2.6111700e+02
   2.6134900e+02
   2.6160400e+02
   2.6185200e+02
   2.6210000e+02
   2.6235100e+02
   2.6259600e+02
   2.6281600e+02
   2.6300500e+02
   2.6315900e+02
   2.6328400e+02
   2.6337900e+02
   2.6344400e+02
   2.6348200e+02
   2.6349500e+02
   2.6348200e+02
   2.6344100e+02
   2.6337500e+02
   2.6327800e+02
   2.6315200e+02
   2.6298900e+02
   2.6280000e+02
   2.6261200e+02
   2.6244500e+02
   2.6231000e+02
   2.6221000e+02
   2.6214400e+02
   2.6212200e+02
   2.6213800e+02
   2.6219700e+02
   2.6229800e+02
   2.6243900e+02
   2.6262100e+02
   2.6284400e+02
   2.6309300e+02
   2.6334100e+02
   2.6359200e+02
   2.6384700e+02
   2.6410100e+02
   2.6434900e+02
   2.6456900e+02
   2.6475800e+02
   2.6491800e+02
   2.6504700e+02
   2.6514400e+02
   2.6521300e+02
   2.6525100e+02
   2.6525700e+02
   2.6523200e+02
   2.6517900e+02
   2.6509400e+02
   2.6497800e+02
   2.6482400e+02
   2.6465100e+02
   2.6448100e+02
   2.6433400e+02
   2.6421400e+02
   2.6412900e+02
   2.6408200e+02
   2.6407300e+02
   2.6411100e+02
   2.6418600e+02
   2.6429900e+02
   2.6445300e+02
   2.6464500e+02
   2.6487100e+02
   2.6512500e+02
   2.6538000e+02
   2.6563100e+02
   2.6588900e+02
   2.6614000e+02
   2.6636900e+02
   2.6656700e+02
   2.6673400e+02
   2.6686600e+02
   2.6696600e+02
   2.6703800e+02
   2.6707900e+02
   2.6709500e+02
   2.6707900e+02
   2.6703800e+02
   2.6696600e+02
   2.6686300e+02
   2.6672400e+02
   2.6654800e+02
   2.6635400e+02
   2.6617500e+02
   2.6603000e+02
   2.6592000e+02
   2.6584500e+02
   2.6580700e+02
   2.6580400e+02
   2.6583800e+02
   2.6590800e+02
   2.6601700e+02
   2.6616500e+02
   2.6635400e+02
   2.6657400e+02
   2.6680300e+02
   2.6702000e+02
   2.6724300e+02
   2.6746300e+02
   2.6765700e+02
   2.6781400e+02
   2.6793700e+02
   2.6802800e+02
   2.6808800e+02
   2.6811300e+02
   2.6810700e+02
   2.6806900e+02
   2.6800300e+02
   2.6789900e+02
   2.6776100e+02
   2.6758500e+02
   2.6737500e+02
   2.6716100e+02
   2.6696600e+02
   2.6677800e+02
   2.6662100e+02
   2.6649800e+02
   2.6641300e+02
   2.6636900e+02
   2.6636300e+02
   2.6639400e+02
   2.6646400e+02
   2.6657400e+02
   2.6672700e+02
   2.6691900e+02
   2.6714500e+02
   2.6736800e+02
   2.6758200e+02
   2.6779900e+02
   2.6800600e+02
   2.6818500e+02
   2.6833300e+02
   2.6844600e+02
   2.6852400e+02
   2.6857500e+02
   2.6859700e+02
   2.6858700e+02
   2.6855000e+02
   2.6848000e+02
   2.6838300e+02
   2.6825400e+02
   2.6808500e+02
   2.6789300e+02
   2.6770800e+02
   2.6755700e+02
   2.6744400e+02
   2.6736800e+02
   2.6732700e+02
   2.6732400e+02
   2.6735600e+02
   2.6742500e+02
   2.6753200e+02
   2.6767900e+02
   2.6786800e+02
   2.6809400e+02
   2.6832700e+02
   2.6855000e+02
   2.6877300e+02
   2.6899900e+02
   2.6919700e+02
   2.6936300e+02
   2.6949800e+02
   2.6959900e+02
   2.6967100e+02
   2.6971200e+02
   2.6972100e+02
   2.6970300e+02
   2.6964900e+02
   2.6956700e+02
   2.6945400e+02
   2.6930400e+02
   2.6912800e+02
   2.6895500e+02
   2.6880700e+02
   2.6869100e+02
   2.6861200e+02
   2.6857200e+02
   2.6856800e+02
   2.6860900e+02
   2.6868800e+02
   2.6880700e+02
   2.6896400e+02
   2.6916200e+02
   2.6938500e+02
   2.6961500e+02
   2.6983100e+02
   2.7005800e+02
   2.7027700e+02
   2.7046900e+02
   2.7062900e+02
   2.7075800e+02
   2.7085500e+02
   2.7091800e+02
   2.7094700e+02
   2.7094300e+02
   2.7090600e+02
   2.7083700e+02
   2.7073000e+02
   2.7059200e+02
   2.7041600e+02
   2.7022700e+02
   2.7005400e+02
   2.6991300e+02
   2.6980900e+02
   2.6974000e+02
   2.6971200e+02
   2.6972500e+02
   2.6977500e+02
   2.6986300e+02
   2.6999200e+02
   2.7016100e+02
   2.7036900e+02
   2.7060100e+02
   2.7083000e+02
   2.7105000e+02
   2.7127300e+02
   2.7146800e+02
   2.7162800e+02
   2.7175700e+02
   2.7185500e+02
   2.7192100e+02
   2.7195200e+02
   2.7195500e+02
   2.7192100e+02
   2.7185500e+02
   2.7175700e+02
   2.7162200e+02
   2.7145200e+02
   2.7126400e+02
   2.7109100e+02
   2.7095600e+02
   2.7085200e+02
   2.7078600e+02
   2.7076100e+02
   2.7077400e+02
   2.7082700e+02
   2.7092100e+02
   2.7105300e+02
   2.7122300e+02
   2.7143000e+02
   2.7166300e+02
   2.7188600e+02
   2.7210300e+02
   2.7232300e+02
   2.7251400e+02
   2.7267400e+02
   2.7280000e+02
   2.7288800e+02
   2.7294500e+02
   2.7296400e+02
   2.7294800e+02
   2.7289800e+02
   2.7281300e+02
   2.7269000e+02
   2.7253300e+02
   2.7236700e+02
   2.7221900e+02
   2.7207800e+02
   2.7196100e+02
   2.7188000e+02
   2.7183900e+02
   2.7183600e+02
   2.7187000e+02
   2.7194200e+02
   2.7205600e+02
   2.7220300e+02
   2.7239200e+02
   2.7261200e+02
   2.7283200e+02
   2.7304200e+02
   2.7324900e+02
   2.7343800e+02
   2.7359200e+02
   2.7371100e+02
   2.7380500e+02
   2.7386800e+02
   2.7390300e+02
   2.7390600e+02
   2.7388100e+02
   2.7382700e+02
   2.7374300e+02
   2.7363000e+02
   2.7348200e+02
   2.7331500e+02
   2.7317100e+02
   2.7306100e+02
   2.7298600e+02
   2.7294800e+02
   2.7295100e+02
   2.7299200e+02
   2.7307300e+02
   2.7319600e+02
   2.7335900e+02
   2.7356400e+02
   2.7378300e+02
   2.7399400e+02
   2.7420100e+02
   2.7441200e+02
   2.7459100e+02
   2.7473800e+02
   2.7485500e+02
   2.7493600e+02
   2.7498700e+02
   2.7500600e+02
   2.7499600e+02
   2.7495800e+02
   2.7488600e+02
   2.7478600e+02
   2.7465100e+02
   2.7449000e+02
   2.7433600e+02
   2.7421700e+02
   2.7413200e+02
   2.7408500e+02
   2.7406900e+02
   2.7408800e+02
   2.7414500e+02
   2.7423600e+02
   2.7436800e+02
   2.7453700e+02
   2.7474200e+02
   2.7495500e+02
   2.7515600e+02
   2.7535100e+02
   2.7552700e+02
   2.7566500e+02
   2.7577200e+02
   2.7584400e+02
   2.7588200e+02
   2.7588200e+02
   2.7584400e+02
   2.7577200e+02
   2.7566500e+02
   2.7552100e+02
   2.7535100e+02
   2.7518100e+02
   2.7503100e+02
   2.7490500e+02
   2.7481700e+02
   2.7476400e+02
   2.7474800e+02
   2.7477600e+02
   2.7484200e+02
   2.7494600e+02
   2.7509000e+02
   2.7527300e+02
   2.7548000e+02
   2.7568400e+02
   2.7587900e+02
   2.7607400e+02
   2.7624000e+02
   2.7637500e+02
   2.7647600e+02
   2.7653500e+02
   2.7655700e+02
   2.7654200e+02
   2.7648500e+02
   2.7639400e+02
   2.7626200e+02
   2.7609600e+02
   2.7592000e+02
   2.7576000e+02
   2.7560600e+02
   2.7548000e+02
   2.7538900e+02
   2.7533900e+02
   2.7532300e+02
   2.7534500e+02
   2.7540800e+02
   2.7550500e+02
   2.7564300e+02
   2.7582200e+02
   2.7603300e+02
   2.7623700e+02
   2.7642600e+02
   2.7659500e+02
   2.7673000e+02
   2.7682800e+02
   2.7689100e+02
   2.7691600e+02
   2.7690300e+02
   2.7685300e+02
   2.7676800e+02
   2.7664900e+02
   2.7648800e+02
   2.7631600e+02
   2.7615500e+02
   2.7600800e+02
   2.7588200e+02
   2.7579700e+02
   2.7575000e+02
   2.7574700e+02
   2.7578500e+02
   2.7586300e+02
   2.7598600e+02
   2.7614600e+02
   2.7634700e+02
   2.7656100e+02
   2.7676200e+02
   2.7696000e+02
   2.7713900e+02
   2.7728300e+02
   2.7739600e+02
   2.7747800e+02
   2.7752500e+02
   2.7753500e+02
   2.7751300e+02
   2.7745300e+02
   2.7736200e+02
   2.7723600e+02
   2.7707900e+02
   2.7692800e+02
   2.7679600e+02
   2.7669600e+02
   2.7663600e+02
   2.7661400e+02
   2.7663600e+02
   2.7669600e+02
   2.7679900e+02
   2.7694100e+02
   2.7712300e+02
   2.7732100e+02
   2.7751600e+02
   2.7771000e+02
   2.7790500e+02
   2.7807200e+02
   2.7820700e+02
   2.7830400e+02
   2.7837300e+02
   2.7840800e+02
   2.7841100e+02
   2.7838000e+02
   2.7831400e+02
   2.7821300e+02
   2.7807800e+02
   2.7791500e+02
   2.7776400e+02
   2.7764400e+02
   2.7756000e+02
   2.7750900e+02
   2.7749700e+02
   2.7751900e+02
   2.7758200e+02
   2.7767900e+02
   2.7781400e+02
   2.7798700e+02
   2.7819100e+02
   2.7839800e+02
   2.7858400e+02
   2.7874700e+02
   2.7887600e+02
   2.7897000e+02
   2.7902700e+02
   2.7904900e+02
   2.7903300e+02
   2.7898000e+02
   2.7889200e+02
   2.7876300e+02
   2.7860000e+02
   2.7842000e+02
   2.7825700e+02
   2.7812800e+02
   2.7803400e+02
   2.7797700e+02
   2.7795900e+02
   2.7797700e+02
   2.7803400e+02
   2.7812500e+02
   2.7825700e+02
   2.7842400e+02
   2.7861800e+02
   2.7881000e+02
   2.7898300e+02
   2.7913400e+02
   2.7924700e+02
   2.7932500e+02
   2.7936600e+02
   2.7936900e+02
   2.7933500e+02
   2.7925900e+02
   2.7914600e+02
   2.7899200e+02
   2.7881300e+02
   2.7863700e+02
   2.7847700e+02
   2.7834500e+02
   2.7824800e+02
   2.7818800e+02
   2.7816300e+02
   2.7817900e+02
   2.7822900e+02
   2.7831400e+02
   2.7843900e+02
   2.7860000e+02
   2.7877200e+02
   2.7893300e+02
   2.7908300e+02
   2.7921200e+02
   2.7930300e+02
   2.7935700e+02
   2.7937500e+02
   2.7935400e+02
   2.7930000e+02
   2.7920600e+02
   2.7907400e+02
   2.7890700e+02
   2.7874400e+02
   2.7860000e+02
   2.7847700e+02
   2.7838600e+02
   2.7833600e+02
   2.7832000e+02
   2.7834800e+02
   2.7841400e+02
   2.7851500e+02
   2.7865600e+02
   2.7883500e+02
   2.7903600e+02
   2.7923400e+02
   2.7941300e+02
   2.7957300e+02
   2.7970200e+02
   2.7979000e+02
   2.7984400e+02
   2.7985900e+02
   2.7984000e+02
   2.7978700e+02
   2.7969300e+02
   2.7956400e+02
   2.7941900e+02
   2.7929100e+02
   2.7917800e+02
   2.7909300e+02
   2.7905200e+02
   2.7904900e+02
   2.7908600e+02
   2.7916500e+02
   2.7928400e+02
   2.7944500e+02
   2.7963900e+02
   2.7983700e+02
   2.8002600e+02
   2.8021100e+02
   2.8037500e+02
   2.8051000e+02
   2.8061300e+02
   2.8068900e+02
   2.8072600e+02
   2.8073000e+02
   2.8070100e+02
   2.8063500e+02
   2.8053500e+02
   2.8040900e+02
   2.8028000e+02
   2.8018300e+02
   2.8012300e+02
   2.8010100e+02
   2.8012000e+02
   2.8018000e+02
   2.8028000e+02
   2.8041800e+02
   2.8059100e+02
   2.8078600e+02
   2.8097800e+02
   2.8116000e+02
   2.8134500e+02
   2.8149900e+02
   2.8161900e+02
   2.8170000e+02
   2.8174700e+02
   2.8176000e+02
   2.8174100e+02
   2.8168800e+02
   2.8159700e+02
   2.8147400e+02
   2.8132600e+02
   2.8119800e+02
   2.8110000e+02
   2.8104100e+02
   2.8101900e+02
   2.8103100e+02
   2.8108100e+02
   2.8116900e+02
   2.8129200e+02
   2.8145500e+02
   2.8164700e+02
   2.8183500e+02
   2.8200500e+02
   2.8214600e+02
   2.8225300e+02
   2.8232500e+02
   2.8235700e+02
   2.8235400e+02
   2.8231000e+02
   2.8223400e+02
   2.8211800e+02
   2.8196700e+02
   2.8182300e+02
   2.8169400e+02
   2.8159300e+02
   2.8153400e+02
   2.8151200e+02
   2.8152700e+02
   2.8158700e+02
   2.8168800e+02
   2.8182600e+02
   2.8198900e+02
   2.8215600e+02
   2.8231900e+02
   2.8247900e+02
   2.8261100e+02
   2.8270600e+02
   2.8276200e+02
   2.8277800e+02
   2.8275600e+02
   2.8269900e+02
   2.8260200e+02
   2.8246400e+02
   2.8230000e+02
   2.8214600e+02
   2.8200800e+02
   2.8189500e+02
   2.8181600e+02
   2.8177600e+02
   2.8177300e+02
   2.8180700e+02
   2.8188200e+02
   2.8199600e+02
   2.8214300e+02
   2.8231900e+02
   2.8248900e+02
   2.8264000e+02
   2.8276800e+02
   2.8286000e+02
   2.8291600e+02
   2.8293800e+02
   2.8291900e+02
   2.8286900e+02
   2.8277800e+02
   2.8265200e+02
   2.8249500e+02
   2.8234100e+02
   2.8221200e+02
   2.8211200e+02
   2.8205500e+02
   2.8203300e+02
   2.8205200e+02
   2.8210900e+02
   2.8220600e+02
   2.8234400e+02
   2.8251700e+02
   2.8271200e+02
   2.8289100e+02
   2.8303900e+02
   2.8315800e+02
   2.8324000e+02
   2.8328700e+02
   2.8329600e+02
   2.8326800e+02
   2.8320200e+02
   2.8309800e+02
   2.8296000e+02
   2.8281200e+02
   2.8268700e+02
   2.8259200e+02
   2.8253600e+02
   2.8252000e+02
   2.8254500e+02
   2.8261100e+02
   2.8271800e+02
   2.8286900e+02
   2.8304800e+02
   2.8323300e+02
   2.8340900e+02
   2.8358200e+02
   2.8372700e+02
   2.8383700e+02
   2.8390900e+02
   2.8395000e+02
   2.8395600e+02
   2.8393100e+02
   2.8387400e+02
   2.8378000e+02
   2.8365100e+02
   2.8350400e+02
   2.8338400e+02
   2.8330200e+02
   2.8325500e+02
   2.8324900e+02
   2.8328000e+02
   2.8335300e+02
   2.8346300e+02
   2.8361300e+02
   2.8378900e+02
   2.8395900e+02
   2.8411300e+02
   2.8424200e+02
   2.8433300e+02
   2.8438600e+02
   2.8440200e+02
   2.8437700e+02
   2.8431100e+02
   2.8420400e+02
   2.8406000e+02
   2.8389600e+02
   2.8374500e+02
   2.8362600e+02
   2.8354800e+02
   2.8350700e+02
   2.8350400e+02
   2.8353800e+02
   2.8361300e+02
   2.8372700e+02
   2.8387700e+02
   2.8404700e+02
   2.8420100e+02
   2.8434500e+02
   2.8446500e+02
   2.8455000e+02
   2.8459400e+02
   2.8460000e+02
   2.8456500e+02
   2.8449300e+02
   2.8438300e+02
   2.8423900e+02
   2.8410000e+02
   2.8397800e+02
   2.8388400e+02
   2.8382700e+02
   2.8380800e+02
   2.8382700e+02
   2.8388700e+02
   2.8398400e+02
   2.8411900e+02
   2.8429200e+02
   2.8447700e+02
   2.8464400e+02
   2.8478500e+02
   2.8489200e+02
   2.8496100e+02
   2.8499300e+02
   2.8498600e+02
   2.8494600e+02
   2.8486400e+02
   2.8474800e+02
   2.8460000e+02
   2.8445500e+02
   2.8433600e+02
   2.8425100e+02
   2.8420400e+02
   2.8419500e+02
   2.8422600e+02
   2.8429800e+02
   2.8440500e+02
   2.8455600e+02
   2.8472600e+02
   2.8488000e+02
   2.8502700e+02
   2.8514700e+02
   2.8523100e+02
   2.8528200e+02
   2.8529100e+02
   2.8526600e+02
   2.8520300e+02
   2.8509900e+02
   2.8496800e+02
   2.8483200e+02
   2.8472200e+02
   2.8463800e+02
   2.8459400e+02
   2.8458700e+02
   2.8461900e+02
   2.8468800e+02
   2.8479500e+02
   2.8494200e+02
   2.8512500e+02
   2.8531600e+02
   2.8548900e+02
   2.8563000e+02
   2.8574300e+02
   2.8581900e+02
   2.8585700e+02
