   5.8896925e-04
   4.4704003e-07
  -7.0757014e-04
  -1.5398534e-03
  -2.4997476e-03
  -3.5890467e-03
  -4.8079030e-03
  -6.1547761e-03
  -7.6264260e-03
  -9.2179540e-03
  -1.0922892e-02
  -1.2733337e-02
  -1.4640135e-02
  -1.6633093e-02
  -1.8701222e-02
  -2.0832984e-02
  -2.3016522e-02
  -2.5239861e-02
  -2.7491028e-02
  -2.9758105e-02
  -3.2029211e-02
  -3.4292431e-02
  -3.6535743e-02
  -3.8746972e-02
  -4.0913781e-02
  -4.3023731e-02
  -4.5064390e-02
  -4.7023480e-02
  -4.8889040e-02
  -5.0649590e-02
  -5.2294277e-02
  -5.3813020e-02
  -5.5196648e-02
  -5.6437039e-02
  -5.7527234e-02
  -5.8461528e-02
  -5.9235520e-02
  -5.9846132e-02
  -6.0291603e-02
  -6.0571446e-02
  -6.0686377e-02
  -6.0638211e-02
  -6.0429738e-02
  -6.0064599e-02
  -5.9547142e-02
  -5.8882284e-02
  -5.8075379e-02
  -5.7132097e-02
  -5.6058346e-02
  -5.4860223e-02
  -5.3543986e-02
  -5.2116041e-02
  -5.0582935e-02
  -4.8951355e-02
  -4.7228145e-02
  -4.5420333e-02
  -4.3535145e-02
  -4.1580013e-02
  -3.9562547e-02
  -3.7490514e-02
  -3.5371808e-02
  -3.3214438e-02
  -3.1026514e-02
  -2.8816228e-02
  -2.6591785e-02
  -2.4361291e-02
  -2.2132584e-02
  -1.9913032e-02
  -1.7709328e-02
  -1.5527309e-02
  -1.3371822e-02
  -1.1246647e-02
  -9.1544908e-03
  -7.0970535e-03
  -5.0751552e-03
  -3.0889289e-03
  -1.1380594e-03
   7.7794154e-04
   2.6594401e-03
   4.5063816e-03
   6.3180052e-03
   8.0925891e-03
   9.8272410e-03
   1.1517750e-02
   1.3158507e-02
   1.4742512e-02
   1.6261459e-02
   1.7705911e-02
   1.9065557e-02
   2.0329542e-02
   2.1486850e-02
   2.2526718e-02
   2.3439066e-02
   2.4214882e-02
   2.4846548e-02
   2.5328079e-02
   2.5655264e-02
   2.5825732e-02
   2.5838971e-02
   2.5696322e-02
   2.5400968e-02
   2.4957922e-02
   2.4374024e-02
   2.3657923e-02
   2.2820033e-02
   2.1872434e-02
   2.0828687e-02
   1.9703549e-02
   1.8512591e-02
   1.7271739e-02
   1.5996775e-02
   1.4702846e-02
   1.3403986e-02
   1.2112711e-02
   1.0839674e-02
   9.5934175e-03
   8.3802187e-03
   7.2040369e-03
   6.0665633e-03
   4.9673682e-03
   3.9041393e-03
   2.8730026e-03
   1.8689132e-03
   8.8610258e-04
  -8.1431988e-05
  -1.0394127e-03
  -1.9927580e-03
  -2.9450677e-03
  -3.8981340e-03
  -4.8514951e-03
  -5.8020468e-03
  -6.7437284e-03
  -7.6672953e-03
  -8.5601893e-03
  -9.4065184e-03
  -1.0187150e-02
  -1.0879925e-02
  -1.1459988e-02
  -1.1900241e-02
  -1.2171900e-02
  -1.2245157e-02
  -1.2089926e-02
  -1.1676653e-02
  -1.0977174e-02
  -9.9655769e-03
  -8.6190552e-03
  -6.9186991e-03
  -4.8501930e-03
  -2.4043727e-03
   4.2239269e-04
   3.6280161e-03
   7.2046989e-03
   1.1139102e-02
   1.5412642e-02
   2.0001892e-02
   2.4879030e-02
   3.0012346e-02
   3.5366759e-02
   4.0904371e-02
   4.6585060e-02
   5.2367114e-02
   5.8207909e-02
   6.4064612e-02
   6.9894880e-02
   7.5657535e-02
   8.1313179e-02
   8.6824764e-02
   9.2158075e-02
   9.7282141e-02
   1.0216955e-01
   1.0679666e-01
   1.1114374e-01
   1.1519499e-01
   1.1893849e-01
   1.2236607e-01
   1.2547312e-01
   1.2825831e-01
   1.3072332e-01
   1.3287258e-01
   1.3471296e-01
   1.3625352e-01
   1.3750532e-01
   1.3848116e-01
   1.3919539e-01
   1.3966367e-01
   1.3990276e-01
   1.3993018e-01
   1.3976401e-01
   1.3942257e-01
   1.3892418e-01
   1.3828689e-01
   1.3752828e-01
   1.3666518e-01
   1.3571350e-01
   1.3468792e-01
   1.3360168e-01
   1.3246629e-01
   1.3129133e-01
   1.3008420e-01
   1.2885001e-01
   1.2759147e-01
   1.2630884e-01
   1.2499999e-01
   1.2366047e-01
   1.2228374e-01
   1.2086137e-01
   1.1938347e-01
   1.1783898e-01
   1.1621618e-01
   1.1450309e-01
   1.1268794e-01
   1.1075960e-01
   1.0870803e-01
   1.0652470e-01
   1.0420299e-01
   1.0173853e-01
   9.9129503e-02
   9.6376930e-02
   9.3484788e-02
   9.0460100e-02
   8.7312907e-02
   8.4056122e-02
   8.0705285e-02
   7.7278200e-02
   7.3794477e-02
   7.0274984e-02
   6.6741243e-02
   6.3214794e-02
   5.9716541e-02
   5.6266093e-02
   5.2881111e-02
   4.9576665e-02
   4.6364633e-02
   4.3253135e-02
   4.0246038e-02
   3.7342512e-02
   3.4536644e-02
   3.1817122e-02
   2.9167027e-02
   2.6563745e-02
   2.3979058e-02
   2.1379398e-02
   1.8726303e-02
   1.5977054e-02
   1.3085488e-02
   1.0002965e-02
   6.6794706e-03
   3.0648122e-03
  -8.9012395e-04
  -5.2320937e-03
  -1.0004239e-02
  -1.5244901e-02
  -2.0986541e-02
  -2.7254814e-02
  -3.4067836e-02
  -4.1435666e-02
  -4.9360037e-02
  -5.7834348e-02
  -6.6843905e-02
  -7.6366412e-02
  -8.6372670e-02
  -9.6827437e-02
  -1.0769041e-01
  -1.1891725e-01
  -1.3046064e-01
  -1.4227136e-01
  -1.5429919e-01
  -1.6649386e-01
  -1.7880584e-01
  -1.9118697e-01
  -2.0359106e-01
  -2.1597428e-01
  -2.2829544e-01
  -2.4051611e-01
  -2.5260067e-01
  -2.6451616e-01
  -2.7623213e-01
  -2.8772034e-01
  -2.9895449e-01
  -3.0990995e-01
  -3.2056349e-01
  -3.3089298e-01
  -3.4087722e-01
  -3.5049561e-01
  -3.5972800e-01
  -3.6855439e-01
  -3.7695472e-01
  -3.8490857e-01
  -3.9239493e-01
  -3.9939185e-01
  -4.0587628e-01
  -4.1182380e-01
  -4.1720844e-01
  -4.2200252e-01
  -4.2617648e-01
  -4.2969881e-01
  -4.3253589e-01
  -4.3465201e-01
  -4.3600930e-01
  -4.3656777e-01
  -4.3628539e-01
  -4.3511823e-01
  -4.3302067e-01
  -4.2994577e-01
  -4.2584566e-01
  -4.2067212e-01
  -4.1437721e-01
  -4.0691400e-01
  -3.9823741e-01
  -3.8830510e-01
  -3.7707847e-01
  -3.6452360e-01
  -3.5061237e-01
  -3.3532343e-01
  -3.1864318e-01
  -3.0056660e-01
  -2.8109787e-01
  -2.6025093e-01
  -2.3804971e-01
  -2.1452829e-01
  -1.8973090e-01
  -1.6371162e-01
  -1.3653402e-01
  -1.0827057e-01
  -7.9001803e-02
  -4.8815494e-02
  -1.7805593e-02
   1.3928806e-02
   4.6284552e-02
   7.9155518e-02
   1.1243366e-01
   1.4601002e-01
   1.7977572e-01
   2.1362272e-01
   2.4744463e-01
   2.8113722e-01
   3.1459890e-01
   3.4773104e-01
   3.8043814e-01
   4.1262802e-01
   4.4421179e-01
   4.7510385e-01
   5.0522181e-01
   5.3448638e-01
   5.6282121e-01
   5.9015277e-01
   6.1641010e-01
   6.4152474e-01
   6.6543049e-01
   6.8806334e-01
   7.0936131e-01
   7.2926449e-01
   7.4771500e-01
   7.6465713e-01
   7.8003738e-01
   7.9380464e-01
   8.0591026e-01
   8.1630820e-01
   8.2495510e-01
   8.3181037e-01
   8.3683627e-01
   8.3999793e-01
   8.4126336e-01
   8.4060347e-01
   8.3799202e-01
   8.3340564e-01
   8.2682372e-01
   8.1822846e-01
   8.0760476e-01
   7.9494021e-01
   7.8022510e-01
   7.6345244e-01
   7.4461799e-01
   7.2372049e-01
   7.0076188e-01
   6.7574757e-01
   6.4868694e-01
   6.1959376e-01
   5.8848672e-01
   5.5539005e-01
   5.2033405e-01
   4.8335563e-01
   4.4449887e-01
   4.0381538e-01
   3.6136475e-01
   3.1721481e-01
   2.7144181e-01
   2.2413054e-01
   1.7537430e-01
   1.2527482e-01
   7.3942042e-02
   2.1493924e-02
  -3.1943912e-02
  -8.6238566e-02
  -1.4125030e-01
  -1.9683305e-01
  -2.5283492e-01
  -3.0909869e-01
  -3.6546243e-01
  -4.2175996e-01
  -4.7782145e-01
  -5.3347397e-01
  -5.8854209e-01
  -6.4284847e-01
  -6.9621452e-01
  -7.4846100e-01
  -7.9940873e-01
  -8.4887925e-01
  -8.9669544e-01
  -9.4268224e-01
  -9.8666727e-01
  -1.0284815e+00
  -1.0679597e+00
  -1.1049414e+00
  -1.1392713e+00
  -1.1707997e+00
  -1.1993835e+00
  -1.2248864e+00
  -1.2471800e+00
  -1.2661440e+00
  -1.2816673e+00
  -1.2936484e+00
  -1.3019961e+00
  -1.3066303e+00
  -1.3074824e+00
  -1.3044958e+00
  -1.2976265e+00
  -1.2868433e+00
  -1.2721280e+00
  -1.2534760e+00
  -1.2308963e+00
  -1.2044118e+00
  -1.1740591e+00
  -1.1398889e+00
  -1.1019654e+00
  -1.0603666e+00
  -1.0151832e+00
  -9.6651916e-01
  -9.1449024e-01
  -8.5922418e-01
  -8.0085989e-01
  -7.3954693e-01
  -6.7544498e-01
  -6.0872331e-01
  -5.3956027e-01
  -4.6814280e-01
  -3.9466603e-01
  -3.1933278e-01
  -2.4235319e-01
  -1.6394427e-01
  -8.4329546e-02
  -3.7385851e-03
   7.7593338e-02
   1.5942569e-01
   2.4151307e-01
   3.2360573e-01
   4.0544999e-01
   4.8678885e-01
   5.6736255e-01
   6.4690927e-01
   7.2516582e-01
   8.0186843e-01
   8.7675361e-01
   9.4955897e-01
   1.0200243e+00
   1.0878923e+00
   1.1529100e+00
   1.2148295e+00
   1.2734095e+00
   1.3284161e+00
   1.3796240e+00
   1.4268180e+00
   1.4697943e+00
   1.5083615e+00
   1.5423418e+00
   1.5715726e+00
   1.5959074e+00
   1.6152169e+00
   1.6293902e+00
   1.6383354e+00
   1.6419806e+00
   1.6402743e+00
   1.6331861e+00
   1.6207072e+00
   1.6028504e+00
   1.5796502e+00
   1.5511633e+00
   1.5174679e+00
   1.4786637e+00
   1.4348719e+00
   1.3862340e+00
   1.3329124e+00
   1.2750886e+00
   1.2129634e+00
   1.1467553e+00
   1.0766999e+00
   1.0030485e+00
   9.2606717e-01
   8.4603497e-01
   7.6324306e-01
   6.7799315e-01
   5.9059611e-01
   5.0137067e-01
   4.1064197e-01
   3.1874015e-01
   2.2599890e-01
   1.3275401e-01
   3.9341856e-02
  -5.3901981e-02
  -1.4664423e-01
  -2.3855539e-01
  -3.2931123e-01
  -4.1859437e-01
  -5.0609580e-01
  -5.9151642e-01
  -6.7456841e-01
  -7.5497652e-01
  -8.3247916e-01
  -9.0682933e-01
  -9.7779535e-01
  -1.0451614e+00
  -1.1087280e+00
  -1.1683123e+00
  -1.2237481e+00
  -1.2748865e+00
  -1.3215955e+00
  -1.3637601e+00
  -1.4012830e+00
  -1.4340836e+00
  -1.4620994e+00
  -1.4852849e+00
  -1.5036126e+00
  -1.5170727e+00
  -1.5256732e+00
  -1.5294399e+00
  -1.5284162e+00
  -1.5226626e+00
  -1.5122571e+00
  -1.4972945e+00
  -1.4778858e+00
  -1.4541584e+00
  -1.4262550e+00
  -1.3943332e+00
  -1.3585652e+00
  -1.3191364e+00
  -1.2762450e+00
  -1.2301010e+00
  -1.1809250e+00
  -1.1289474e+00
  -1.0744064e+00
  -1.0175473e+00
  -9.5862067e-01
  -8.9788054e-01
  -8.3558281e-01
  -7.7198340e-01
  -7.0733640e-01
  -6.4189227e-01
  -5.7589605e-01
  -5.0958567e-01
  -4.4319038e-01
  -3.7692924e-01
  -3.1100983e-01
  -2.4562705e-01
  -1.8096226e-01
  -1.1718245e-01
  -5.4439765e-02
   7.1288194e-03
   6.7401569e-02
   1.2627187e-01
   1.8364789e-01
   2.3945219e-01
   2.9362105e-01
   3.4610386e-01
   3.9686233e-01
   4.4586964e-01
   4.9310953e-01
   5.3857523e-01
   5.8226842e-01
   6.2419801e-01
   6.6437900e-01
   7.0283118e-01
   7.3957799e-01
   7.7464526e-01
   8.0806010e-01
   8.3984977e-01
   8.7004071e-01
   8.9865756e-01
   9.2572233e-01
   9.5125362e-01
   9.7526596e-01
   9.9776926e-01
   1.0187683e+00
   1.0382625e+00
   1.0562454e+00
   1.0727047e+00
   1.0876221e+00
   1.1009734e+00
   1.1127281e+00
   1.1228503e+00
   1.1312982e+00
   1.1380247e+00
   1.1429779e+00
   1.1461010e+00
   1.1473334e+00
   1.1466106e+00
   1.1438652e+00
   1.1390276e+00
   1.1320263e+00
   1.1227892e+00
   1.1112438e+00
   1.0973184e+00
   1.0809426e+00
   1.0620483e+00
   1.0405703e+00
   1.0164475e+00
   9.8962365e-01
   9.6004842e-01
   9.2767841e-01
   8.9247832e-01
   8.5442213e-01
   8.1349421e-01
   7.6969059e-01
   7.2302003e-01
   6.7350519e-01
   6.2118361e-01
   5.6610876e-01
   5.0835095e-01
   4.4799820e-01
   3.8515702e-01
   3.1995311e-01
   2.5253196e-01
   1.8305916e-01
   1.1172057e-01
   3.8722160e-02
  -3.5710477e-02
  -1.1133290e-01
  -1.8788297e-01
  -2.6508227e-01
  -3.4263781e-01
  -4.2024395e-01
  -4.9758451e-01
  -5.7433496e-01
  -6.5016469e-01
  -7.2473928e-01
  -7.9772284e-01
  -8.6878028e-01
  -9.3757969e-01
  -1.0037946e+00
  -1.0671064e+00
  -1.1272065e+00
  -1.1837989e+00
  -1.2366020e+00
  -1.2853514e+00
  -1.3298014e+00
  -1.3697276e+00
  -1.4049283e+00
  -1.4352264e+00
  -1.4604710e+00
  -1.4805382e+00
  -1.4953327e+00
  -1.5047880e+00
  -1.5088673e+00
  -1.5075635e+00
  -1.5008993e+00
  -1.4889270e+00
  -1.4717280e+00
  -1.4494118e+00
  -1.4221153e+00
  -1.3900016e+00
  -1.3532583e+00
  -1.3120960e+00
  -1.2667468e+00
  -1.2174618e+00
  -1.1645098e+00
  -1.1081744e+00
  -1.0487523e+00
  -9.8655072e-01
  -9.2188509e-01
  -8.5507673e-01
  -7.8645030e-01
  -7.1633138e-01
  -6.4504401e-01
  -5.7290824e-01
  -5.0023776e-01
  -4.2733760e-01
  -3.5450191e-01
  -2.8201188e-01
  -2.1013380e-01
  -1.3911726e-01
  -6.9193623e-02
  -5.7469667e-04
   6.6548323e-02
   1.3200562e-01
   1.9564925e-01
   2.5735339e-01
   3.1701432e-01
   3.7455006e-01
   4.2989987e-01
   4.8302347e-01
   5.3389997e-01
   5.8252669e-01
   6.2891774e-01
   6.7310231e-01
   7.1512297e-01
   7.5503367e-01
   7.9289769e-01
   8.2878549e-01
   8.6277247e-01
   8.9493672e-01
   9.2535670e-01
   9.5410895e-01
   9.8126585e-01
   1.0068935e+00
   1.0310496e+00
   1.0537815e+00
   1.0751249e+00
   1.0951016e+00
   1.1137192e+00
   1.1309694e+00
   1.1468282e+00
   1.1612550e+00
   1.1741931e+00
   1.1855701e+00
   1.1952983e+00
   1.2032759e+00
   1.2093879e+00
   1.2135082e+00
   1.2155008e+00
   1.2152219e+00
   1.2125219e+00
   1.2072481e+00
   1.1992465e+00
   1.1883646e+00
   1.1744536e+00
   1.1573714e+00
   1.1369849e+00
   1.1131725e+00
   1.0858273e+00
   1.0548587e+00
   1.0201958e+00
   9.8178898e-01
   9.3961235e-01
   8.9366566e-01
   8.4397599e-01
   7.9059913e-01
   7.3362061e-01
   6.7315640e-01
   6.0935318e-01
   5.4238816e-01
   4.7246858e-01
   3.9983068e-01
   3.2473839e-01
   2.4748155e-01
   1.6837388e-01
   8.7750568e-02
   5.9655644e-03
  -7.6611288e-02
  -1.5959739e-01
  -2.4260068e-01
  -3.2522302e-01
  -4.0706371e-01
  -4.8772307e-01
  -5.6680605e-01
  -6.4392578e-01
  -7.1870711e-01
  -7.9079006e-01
  -8.5983301e-01
  -9.2551582e-01
  -9.8754264e-01
  -1.0456444e+00
  -1.0995813e+00
  -1.1491442e+00
  -1.1941567e+00
  -1.2344763e+00
  -1.2699950e+00
  -1.3006398e+00
  -1.3263733e+00
  -1.3471927e+00
  -1.3631298e+00
  -1.3742495e+00
  -1.3806484e+00
  -1.3824527e+00
  -1.3798165e+00
  -1.3729185e+00
  -1.3619598e+00
  -1.3471606e+00
  -1.3287567e+00
  -1.3069966e+00
  -1.2821374e+00
  -1.2544417e+00
  -1.2241735e+00
  -1.1915947e+00
  -1.1569613e+00
  -1.1205196e+00
  -1.0825031e+00
  -1.0431291e+00
  -1.0025958e+00
  -9.6107982e-01
  -9.1873414e-01
  -8.7568652e-01
  -8.3203852e-01
  -7.8786504e-01
  -7.4321456e-01
  -6.9810992e-01
  -6.5254973e-01
  -6.0651031e-01
  -5.5994823e-01
  -5.1280322e-01
  -4.6500148e-01
  -4.1645926e-01
  -3.6708665e-01
  -3.1679157e-01
  -2.6548373e-01
  -2.1307866e-01
  -1.5950167e-01
  -1.0469167e-01
  -4.8604776e-02
   8.7823201e-03
   6.7469361e-02
   1.2742992e-01
   1.8860926e-01
   2.5092279e-01
   3.1425499e-01
   3.7845903e-01
   4.4335690e-01
   5.0874021e-01
   5.7437152e-01
   6.3998630e-01
   7.0529537e-01
   7.6998779e-01
   8.3373426e-01
   8.9619069e-01
   9.5700222e-01
   1.0158073e+00
   1.0722419e+00
   1.1259441e+00
   1.1765584e+00
   1.2237402e+00
   1.2671603e+00
   1.3065092e+00
   1.3415016e+00
   1.3718797e+00
   1.3974174e+00
   1.4179233e+00
   1.4332436e+00
   1.4432641e+00
   1.4479119e+00
   1.4471568e+00
   1.4410109e+00
   1.4295292e+00
   1.4128078e+00
   1.3909832e+00
   1.3642291e+00
   1.3327546e+00
   1.2968006e+00
   1.2566360e+00
   1.2125545e+00
   1.1648696e+00
   1.1139108e+00
   1.0600190e+00
   1.0035421e+00
   9.4483007e-01
   8.8423120e-01
   8.2208745e-01
   7.5873062e-01
   6.9447857e-01
   6.2963181e-01
   5.6447039e-01
   4.9925123e-01
   4.3420587e-01
   3.6953883e-01
   3.0542637e-01
   2.4201602e-01
   1.7942649e-01
   1.1774828e-01
   5.7044778e-02
  -2.6461622e-03
  -6.1310153e-02
  -1.1895382e-01
  -1.7560195e-01
  -2.3129437e-01
  -2.8608240e-01
  -3.4002521e-01
  -3.9318594e-01
  -4.4562768e-01
  -4.9740957e-01
  -5.4858283e-01
  -5.9918705e-01
  -6.4924670e-01
  -6.9876790e-01
  -7.4773565e-01
  -7.9611150e-01
  -8.4383173e-01
  -8.9080608e-01
  -9.3691713e-01
  -9.8202029e-01
  -1.0259444e+00
  -1.0684933e+00
  -1.1094474e+00
  -1.1485668e+00
  -1.1855944e+00
  -1.2202594e+00
  -1.2522825e+00
  -1.2813797e+00
  -1.3072677e+00
  -1.3296692e+00
  -1.3483179e+00
  -1.3629632e+00
  -1.3733758e+00
  -1.3793517e+00
  -1.3807162e+00
  -1.3773280e+00
  -1.3690819e+00
  -1.3559112e+00
  -1.3377898e+00
  -1.3147334e+00
  -1.2867995e+00
  -1.2540881e+00
  -1.2167402e+00
  -1.1749367e+00
  -1.1288963e+00
  -1.0788726e+00
  -1.0251508e+00
  -9.6804414e-01
  -9.0788946e-01
  -8.4504254e-01
  -7.7987317e-01
  -7.1275992e-01
  -6.4408482e-01
  -5.7422805e-01
  -5.0356266e-01
  -4.3244960e-01
  -3.6123299e-01
  -2.9023585e-01
  -2.1975630e-01
  -1.5006437e-01
  -8.1399392e-02
  -1.3968101e-02
   5.2056583e-02
   1.1653603e-01
   1.7936564e-01
   2.4047379e-01
   2.9982012e-01
   3.5739308e-01
   4.1320693e-01
   4.6729809e-01
   5.1972106e-01
   5.7054396e-01
   6.1984378e-01
   6.6770138e-01
   7.1419662e-01
   7.5940343e-01
   8.0338519e-01
   8.4619053e-01
   8.8784950e-01
   9.2837043e-01
   9.6773737e-01
   1.0059082e+00
   1.0428136e+00
   1.0783567e+00
   1.1124134e+00
   1.1448338e+00
   1.1754437e+00
   1.2040478e+00
   1.2304321e+00
   1.2543687e+00
   1.2756191e+00
   1.2939398e+00
   1.3090867e+00
   1.3208204e+00
   1.3289115e+00
   1.3331452e+00
   1.3333269e+00
   1.3292862e+00
   1.3208814e+00
   1.3080032e+00
   1.2905780e+00
   1.2685706e+00
   1.2419862e+00
   1.2108714e+00
   1.1753149e+00
   1.1354470e+00
   1.0914382e+00
   1.0434976e+00
   9.9186974e-01
   9.3683130e-01
   8.7868674e-01
   8.1776371e-01
   7.5440788e-01
   6.8897754e-01
   6.2183809e-01
   5.5335645e-01
   4.8389567e-01
   4.1380972e-01
   3.4343859e-01
   2.7310381e-01
   2.0310450e-01
   1.3371392e-01
   6.5176768e-02
  -2.2928686e-03
  -6.8512781e-02
  -1.3333316e-01
  -1.9663632e-01
  -2.5833574e-01
  -3.1837433e-01
  -3.7672210e-01
  -4.3337320e-01
  -4.8834246e-01
  -5.4166142e-01
  -5.9337403e-01
  -6.4353208e-01
  -6.9219050e-01
  -7.3940261e-01
  -7.8521554e-01
  -8.2966587e-01
  -8.7277566e-01
  -9.1454896e-01
  -9.5496885e-01
  -9.9399525e-01
  -1.0315633e+00
  -1.0675829e+00
  -1.1019383e+00
  -1.1344896e+00
  -1.1650743e+00
  -1.1935097e+00
  -1.2195966e+00
  -1.2431225e+00
  -1.2638669e+00
  -1.2816055e+00
  -1.2961156e+00
  -1.3071817e+00
  -1.3146005e+00
  -1.3181862e+00
  -1.3177755e+00
  -1.3132319e+00
  -1.3044493e+00
  -1.2913557e+00
  -1.2739154e+00
  -1.2521308e+00
  -1.2260431e+00
  -1.1957330e+00
  -1.1613193e+00
  -1.1229578e+00
  -1.0808390e+00
  -1.0351850e+00
  -9.8624607e-01
  -9.3429610e-01
  -8.7962839e-01
  -8.2255054e-01
  -7.6337929e-01
  -7.0243529e-01
  -6.4003777e-01
  -5.7649938e-01
  -5.1212131e-01
  -4.4718879e-01
  -3.8196710e-01
  -3.1669824e-01
  -2.5159829e-01
  -1.8685550e-01
  -1.2262937e-01
  -5.9050431e-02
   3.7789697e-03
   6.5783071e-02
   1.2691033e-01
   1.8713038e-01
   2.4643038e-01
   3.0481097e-01
   3.6228181e-01
   4.1885693e-01
   4.7455012e-01
   5.2937029e-01
   5.8331720e-01
   6.3637758e-01
   6.8852167e-01
   7.3970049e-01
   7.8984363e-01
   8.3885791e-01
   8.8662669e-01
   9.3301005e-01
   9.7784571e-01
   1.0209508e+00
   1.0621244e+00
   1.1011504e+00
   1.1378019e+00
   1.1718445e+00
   1.2030418e+00
   1.2311595e+00
   1.2559712e+00
   1.2772629e+00
   1.2948380e+00
   1.3085222e+00
   1.3181674e+00
   1.3236554e+00
   1.3249009e+00
   1.3218537e+00
   1.3145000e+00
   1.3028631e+00
   1.2870032e+00
   1.2670162e+00
   1.2430315e+00
   1.2152097e+00
   1.1837388e+00
   1.1488303e+00
   1.1107147e+00
   1.0696368e+00
   1.0258505e+00
   9.7961416e-01
   9.3118519e-01
   8.8081559e-01
   8.2874752e-01
   7.7520931e-01
   7.2041217e-01
   6.6454743e-01
   6.0778461e-01
   5.5027034e-01
   4.9212804e-01
   4.3345853e-01
   3.7434142e-01
   3.1483723e-01
   2.5499019e-01
   1.9483159e-01
   1.3438353e-01
   7.3662910e-02
   1.2685650e-02
  -4.8529189e-02
  -1.0995533e-01
  -1.7155545e-01
  -2.3327769e-01
  -2.9505260e-01
  -3.5679059e-01
  -4.1837999e-01
  -4.7968586e-01
  -5.4054947e-01
  -6.0078870e-01
  -6.6019912e-01
  -7.1855600e-01
  -7.7561698e-01
  -8.3112548e-01
  -8.8481466e-01
  -9.3641193e-01
  -9.8564382e-01
  -1.0322410e+00
  -1.0759433e+00
  -1.1165049e+00
  -1.1536990e+00
  -1.1873220e+00
  -1.2171975e+00
  -1.2431795e+00
  -1.2651546e+00
  -1.2830437e+00
  -1.2968026e+00
  -1.3064221e+00
  -1.3119268e+00
  -1.3133731e+00
  -1.3108474e+00
  -1.3044620e+00
  -1.2943520e+00
  -1.2806709e+00
  -1.2635862e+00
  -1.2432744e+00
  -1.2199169e+00
  -1.1936947e+00
  -1.1647848e+00
  -1.1333562e+00
  -1.0995661e+00
  -1.0635578e+00
  -1.0254584e+00
  -9.8537777e-01
  -9.4340790e-01
  -8.9962356e-01
  -8.5408339e-01
  -8.0683187e-01
  -7.5790191e-01
  -7.0731800e-01
  -6.5509978e-01
  -6.0126595e-01
  -5.4583828e-01
  -4.8884569e-01
  -4.3032807e-01
  -3.7033995e-01
  -3.0895359e-01
  -2.4626163e-01
  -1.8237896e-01
  -1.1744392e-01
  -5.1618678e-02
   1.4911139e-02
   8.1937638e-02
   1.4923258e-01
   2.1654999e-01
   2.8362946e-01
   3.5019991e-01
   4.1598382e-01
   4.8070166e-01
   5.4407646e-01
   6.0583833e-01
   6.6572871e-01
   7.2350443e-01
   7.7894118e-01
   8.3183662e-01
   8.8201272e-01
   9.2931760e-01
   9.7362648e-01
   1.0148420e+00
   1.0528939e+00
   1.0877374e+00
   1.1193517e+00
   1.1477372e+00
   1.1729127e+00
   1.1949121e+00
   1.2137805e+00
   1.2295707e+00
   1.2423395e+00
   1.2521444e+00
   1.2590396e+00
   1.2630741e+00
   1.2642887e+00
   1.2627145e+00
   1.2583717e+00
   1.2512694e+00
   1.2414056e+00
   1.2287683e+00
   1.2133369e+00
   1.1950844e+00
   1.1739802e+00
   1.1499928e+00
   1.1230930e+00
   1.0932579e+00
   1.0604737e+00
   1.0247394e+00
   9.8606985e-01
   9.4449846e-01
   9.0007946e-01
   8.5288975e-01
   8.0303001e-01
   7.5062521e-01
   6.9582433e-01
   6.3879936e-01
   5.7974360e-01
   5.1886918e-01
   4.5640421e-01
   3.9258925e-01
   3.2767369e-01
   2.6191175e-01
   1.9555857e-01
   1.2886623e-01
   6.2080154e-02
  -4.5643330e-03
  -7.0844884e-02
  -1.3655454e-01
  -2.0150350e-01
  -2.6552023e-01
  -3.2845185e-01
  -3.9016376e-01
  -4.5053873e-01
  -5.0947522e-01
  -5.6688528e-01
  -6.2269204e-01
  -6.7682688e-01
  -7.2922647e-01
  -7.7982981e-01
  -8.2857537e-01
  -8.7539843e-01
  -9.2022876e-01
  -9.6298877e-01
  -1.0035922e+00
  -1.0419433e+00
  -1.0779368e+00
  -1.1114587e+00
  -1.1423869e+00
  -1.1705937e+00
  -1.1959476e+00
  -1.2183163e+00
  -1.2375697e+00
  -1.2535828e+00
  -1.2662397e+00
  -1.2754359e+00
  -1.2810823e+00
  -1.2831072e+00
  -1.2814595e+00
  -1.2761101e+00
  -1.2670539e+00
  -1.2543102e+00
  -1.2379233e+00
  -1.2179618e+00
  -1.1945173e+00
  -1.1677032e+00
  -1.1376515e+00
  -1.1045107e+00
  -1.0684424e+00
  -1.0296177e+00
  -9.8821370e-01
  -9.4441020e-01
  -8.9838615e-01
  -8.5031660e-01
  -8.0037001e-01
  -7.4870612e-01
  -6.9547425e-01
  -6.4081240e-01
  -5.8484686e-01
  -5.2769254e-01
  -4.6945393e-01
  -4.1022663e-01
  -3.5009937e-01
  -2.8915651e-01
  -2.2748079e-01
  -1.6515630e-01
  -1.0227152e-01
  -3.8922192e-02
   2.4785979e-02
   8.8735086e-02
   1.5279328e-01
   2.1681364e-01
   2.8063375e-01
   3.4407597e-01
   4.0694833e-01
   4.6904615e-01
   5.3015427e-01
   5.9004976e-01
   6.4850508e-01
   7.0529154e-01
   7.6018294e-01
   8.1295923e-01
   8.6341014e-01
   9.1133850e-01
   9.5656341e-01
   9.9892281e-01
   1.0382758e+00
   1.0745039e+00
   1.1075125e+00
   1.1372305e+00
   1.1636102e+00
   1.1866261e+00
   1.2062733e+00
   1.2225652e+00
   1.2355310e+00
   1.2452124e+00
   1.2516612e+00
   1.2549353e+00
   1.2550962e+00
   1.2522058e+00
   1.2463242e+00
   1.2375074e+00
   1.2258059e+00
   1.2112641e+00
   1.1939194e+00
   1.1738030e+00
   1.1509406e+00
   1.1253537e+00
   1.0970615e+00
   1.0660832e+00
   1.0324403e+00
   9.9615931e-01
   9.5727407e-01
   9.1582852e-01
   8.7187886e-01
   8.2549548e-01
   7.7676458e-01
   7.2578913e-01
   6.7268940e-01
   6.1760281e-01
   5.6068324e-01
   5.0209970e-01
   4.4203464e-01
   3.8068172e-01
   3.1824333e-01
   2.5492792e-01
   1.9094722e-01
   1.2651346e-01
   6.1836746e-02
  -2.8773873e-03
  -6.7430063e-02
  -1.3163083e-01
  -1.9529901e-01
  -2.5826457e-01
  -3.2036856e-01
  -3.8146312e-01
  -4.4141102e-01
  -5.0008480e-01
  -5.5736555e-01
  -6.1314148e-01
  -6.6730630e-01
  -7.1975751e-01
  -7.7039479e-01
  -8.1911839e-01
  -8.6582780e-01
  -9.1042062e-01
  -9.5279181e-01
  -9.9283334e-01
  -1.0304343e+00
  -1.0654815e+00
  -1.0978603e+00
  -1.1274568e+00
  -1.1541587e+00
  -1.1778584e+00
  -1.1984549e+00
  -1.2158561e+00
  -1.2299815e+00
  -1.2407638e+00
  -1.2481510e+00
  -1.2521077e+00
  -1.2526165e+00
  -1.2496781e+00
  -1.2433117e+00
  -1.2335547e+00
  -1.2204616e+00
  -1.2041026e+00
  -1.1845621e+00
  -1.1619356e+00
  -1.1363285e+00
  -1.1078524e+00
  -1.0766233e+00
  -1.0427589e+00
  -1.0063766e+00
  -9.6759179e-01
  -9.2651628e-01
  -8.8325780e-01
  -8.3791944e-01
  -7.9059984e-01
  -7.4139375e-01
  -6.9039310e-01
  -6.3768842e-01
  -5.8337055e-01
  -5.2753262e-01
  -4.7027213e-01
  -4.1169296e-01
  -3.5190739e-01
  -2.9103770e-01
  -2.2921754e-01
  -1.6659280e-01
  -1.0332196e-01
  -3.9575875e-02
   2.4462968e-02
   8.8601766e-02
   1.5263924e-01
   2.1636787e-01
   2.7957651e-01
   3.4205319e-01
   4.0358796e-01
   4.6397585e-01
   5.2301952e-01
   5.8053189e-01
   6.3633823e-01
   6.9027791e-01
   7.4220563e-01
   7.9199199e-01
   8.3952344e-01
   8.8470175e-01
   9.2744275e-01
   9.6767476e-01
   1.0053366e+00
   1.0403753e+00
   1.0727440e+00
   1.1023998e+00
   1.1293016e+00
   1.1534085e+00
   1.1746786e+00
   1.1930681e+00
   1.2085310e+00
   1.2210195e+00
   1.2304844e+00
   1.2368766e+00
   1.2401485e+00
   1.2402559e+00
   1.2371601e+00
   1.2308303e+00
   1.2212456e+00
   1.2083971e+00
   1.1922896e+00
   1.1729435e+00
   1.1503953e+00
   1.1246987e+00
   1.0959247e+00
   1.0641607e+00
   1.0295105e+00
   9.9209218e-01
   9.5203671e-01
   9.0948586e-01
   8.6458975e-01
   8.1750448e-01
   7.6838960e-01
   7.1740570e-01
   6.6471224e-01
   6.1046567e-01
   5.5481793e-01
   4.9791543e-01
   4.3989854e-01
   3.8090151e-01
   3.2105297e-01
   2.6047680e-01
   1.9929344e-01
   1.3762144e-01
   7.5579159e-02
   1.3286658e-02
  -4.9132574e-02
  -1.1154998e-01
  -1.7383057e-01
  -2.3583192e-01
  -2.9740358e-01
  -3.5838698e-01
  -4.1861584e-01
  -4.7791704e-01
  -5.3611198e-01
  -5.9301837e-01
  -6.4845228e-01
  -7.0223044e-01
  -7.5417269e-01
  -8.0410440e-01
  -8.5185886e-01
  -8.9727947e-01
  -9.4022164e-01
  -9.8055436e-01
  -1.0181613e+00
  -1.0529415e+00
  -1.0848096e+00
  -1.1136954e+00
  -1.1395434e+00
  -1.1623116e+00
  -1.1819699e+00
  -1.1984992e+00
  -1.2118888e+00
  -1.2221355e+00
  -1.2292415e+00
  -1.2332132e+00
  -1.2340597e+00
  -1.2317923e+00
  -1.2264238e+00
  -1.2179684e+00
  -1.2064420e+00
  -1.1918630e+00
  -1.1742530e+00
  -1.1536385e+00
  -1.1300520e+00
  -1.1035339e+00
  -1.0741334e+00
  -1.0419105e+00
  -1.0069363e+00
  -9.6929452e-01
  -9.2908118e-01
  -8.8640483e-01
  -8.4138588e-01
  -7.9415576e-01
  -7.4485564e-01
  -6.9363481e-01
  -6.4064895e-01
  -5.8605810e-01
  -5.3002475e-01
  -4.7271184e-01
  -4.1428102e-01
  -3.5489120e-01
  -2.9469730e-01
  -2.3384951e-01
  -1.7249291e-01
  -1.1076747e-01
  -4.8808607e-02
   1.3252053e-02
   7.5285426e-02
   1.3716359e-01
   1.9875829e-01
   2.5993944e-01
   3.2057373e-01
   3.8052359e-01
   4.3964631e-01
   4.9779364e-01
   5.5481184e-01
   6.1054217e-01
   6.6482175e-01
   7.1748500e-01
   7.6836528e-01
   8.1729687e-01
   8.6411713e-01
   9.0866865e-01
   9.5080147e-01
   9.9037505e-01
   1.0272602e+00
   1.0613404e+00
   1.0925134e+00
   1.1206917e+00
   1.1458030e+00
   1.1677903e+00
   1.1866110e+00
   1.2022366e+00
   1.2146506e+00
   1.2238480e+00
   1.2298325e+00
   1.2326158e+00
   1.2322152e+00
   1.2286527e+00
   1.2219533e+00
   1.2121444e+00
   1.1992555e+00
   1.1833174e+00
   1.1643632e+00
   1.1424285e+00
   1.1175525e+00
   1.0897795e+00
   1.0591596e+00
   1.0257509e+00
   9.8962061e-01
   9.5084608e-01
   9.0951611e-01
   8.6573148e-01
   8.1960526e-01
   7.7126268e-01
   7.2084063e-01
   6.6848667e-01
   6.1435774e-01
   5.5861853e-01
   5.0143961e-01
   4.4299542e-01
   3.8346231e-01
   3.2301660e-01
   2.6183282e-01
   2.0008225e-01
   1.3793174e-01
   7.5542959e-02
   1.3071986e-02
  -4.9330682e-02
  -1.1151979e-01
  -1.7335465e-01
  -2.3469830e-01
  -2.9541639e-01
  -3.5537607e-01
  -4.1444489e-01
  -4.7248972e-01
  -5.2937588e-01
  -5.8496660e-01
  -6.3912266e-01
  -6.9170249e-01
  -7.4256263e-01
  -7.9155854e-01
  -8.3854577e-01
  -8.8338148e-01
  -9.2592610e-01
  -9.6604522e-01
  -1.0036115e+00
  -1.0385063e+00
  -1.0706215e+00
  -1.0998608e+00
  -1.1261405e+00
  -1.1493902e+00
  -1.1695529e+00
  -1.1865849e+00
  -1.2004552e+00
  -1.2111441e+00
  -1.2186431e+00
  -1.2229524e+00
  -1.2240808e+00
  -1.2220434e+00
  -1.2168613e+00
  -1.2085603e+00
  -1.1971702e+00
  -1.1827241e+00
  -1.1652590e+00
  -1.1448155e+00
  -1.1214381e+00
  -1.0951765e+00
  -1.0660860e+00
  -1.0342286e+00
  -9.9967424e-01
  -9.6250119e-01
  -9.2279720e-01
  -8.8065974e-01
  -8.3619629e-01
  -7.8952422e-01
  -7.4077042e-01
  -6.9007054e-01
  -6.3756804e-01
  -5.8341291e-01
  -5.2776028e-01
  -4.7076888e-01
  -4.1259949e-01
  -3.5341344e-01
  -2.9337134e-01
  -2.3263190e-01
  -1.7135123e-01
  -1.0968230e-01
  -4.7774862e-02
   1.4224443e-02
   7.6171630e-02
   1.3792477e-01
   1.9934322e-01
   2.6028672e-01
   3.2061457e-01
   3.8018472e-01
   4.3885313e-01
   4.9647325e-01
   5.5289586e-01
   6.0796918e-01
   6.6153938e-01
   7.1345151e-01
   7.6355065e-01
   8.1168347e-01
   8.5769984e-01
   9.0145473e-01
   9.4280989e-01
   9.8163564e-01
   1.0178124e+00
   1.0512318e+00
   1.0817978e+00
   1.1094271e+00
   1.1340495e+00
   1.1556075e+00
   1.1740558e+00
   1.1893607e+00
   1.2014988e+00
   1.2104564e+00
   1.2162275e+00
   1.2188135e+00
   1.2182216e+00
   1.2144643e+00
   1.2075586e+00
   1.1975258e+00
   1.1843919e+00
   1.1681875e+00
   1.1489485e+00
   1.1267171e+00
   1.1015428e+00
   1.0734829e+00
   1.0426041e+00
   1.0089827e+00
   9.7270540e-01
   9.3386941e-01
   8.9258243e-01
   8.4896205e-01
   8.0313506e-01
   7.5523625e-01
   7.0540711e-01
   6.5379430e-01
   6.0054803e-01
   5.4582050e-01
   4.8976440e-01
   4.3253169e-01
   3.7427258e-01
   3.1513489e-01
   2.5526374e-01
   1.9480155e-01
   1.3388842e-01
   7.2662711e-02
   1.1261823e-02
  -5.0176836e-02
  -1.1151492e-01
  -1.7261222e-01
  -2.3332595e-01
  -2.9351022e-01
  -3.5301579e-01
  -4.1169022e-01
  -4.6937829e-01
  -5.2592273e-01
  -5.8116524e-01
  -6.3494774e-01
  -6.8711362e-01
  -7.3750925e-01
  -7.8598533e-01
  -8.3239841e-01
  -8.7661215e-01
  -9.1849854e-01
  -9.5793888e-01
  -9.9482444e-01
  -1.0290568e+00
  -1.0605480e+00
  -1.0892202e+00
  -1.1150053e+00
  -1.1378440e+00
  -1.1576852e+00
  -1.1744851e+00
  -1.1882064e+00
  -1.1988177e+00
  -1.2062927e+00
  -1.2106105e+00
  -1.2117554e+00
  -1.2097172e+00
  -1.2044922e+00
  -1.1960834e+00
  -1.1845019e+00
  -1.1697676e+00
  -1.1519103e+00
  -1.1309706e+00
  -1.1070006e+00
  -1.0800644e+00
  -1.0502379e+00
  -1.0176092e+00
  -9.8227767e-01
  -9.4435323e-01
  -9.0395529e-01
  -8.6121137e-01
  -8.1625561e-01
  -7.6922719e-01
  -7.2026881e-01
  -6.6952528e-01
  -6.1714228e-01
  -5.6326537e-01
  -5.0803930e-01
  -4.5160761e-01
  -3.9411255e-01
  -3.3569517e-01
  -2.7649563e-01
  -2.1665365e-01
  -1.5630897e-01
  -9.5601876e-02
  -3.4673675e-02
   2.6332885e-02
   8.7273339e-02
   1.4800138e-01
   2.0836893e-01
   2.6822647e-01
   3.2742347e-01
   3.8580916e-01
   4.4323329e-01
   4.9954705e-01
   5.5460390e-01
   6.0826046e-01
   6.6037717e-01
   7.1081886e-01
   7.5945517e-01
   8.0616072e-01
   8.5081524e-01
   8.9330347e-01
   9.3351501e-01
   9.7134407e-01
   1.0066892e+00
   1.0394532e+00
   1.0695428e+00
   1.0968692e+00
   1.1213481e+00
   1.1429001e+00
   1.1614521e+00
   1.1769377e+00
   1.1892984e+00
   1.1984852e+00
   1.2044591e+00
   1.2071926e+00
   1.2066707e+00
   1.2028910e+00
   1.1958647e+00
   1.1856162e+00
   1.1721828e+00
   1.1556145e+00
   1.1359729e+00
   1.1133299e+00
   1.0877669e+00
   1.0593733e+00
   1.0282449e+00
   9.9448314e-01
   9.5819348e-01
   9.1948456e-01
   8.7846735e-01
   8.3525447e-01
   7.8995987e-01
   7.4269871e-01
   6.9358744e-01
   6.4274414e-01
   5.9028906e-01
   5.3634514e-01
   4.8103872e-01
   4.2450001e-01
   3.6686351e-01
   3.0826826e-01
   2.4885779e-01
   1.8877995e-01
   1.2818642e-01
   6.7232164e-02
   6.0745727e-03
  -5.5127401e-02
  -1.1621420e-01
  -1.7702659e-01
  -2.3740653e-01
  -2.9719790e-01
  -3.5624706e-01
  -4.1440320e-01
  -4.7151857e-01
  -5.2744847e-01
  -5.8205115e-01
  -6.3518760e-01
  -6.8672132e-01
  -7.3651807e-01
  -7.8444575e-01
  -8.3037433e-01
  -8.7417599e-01
  -9.1572544e-01
  -9.5490050e-01
  -9.9158291e-01
  -1.0256593e+00
  -1.0570225e+00
  -1.0855725e+00
  -1.1112182e+00
  -1.1338779e+00
  -1.1534809e+00
  -1.1699681e+00
  -1.1832929e+00
  -1.1934208e+00
  -1.2003303e+00
  -1.2040119e+00
  -1.2044680e+00
  -1.2017115e+00
  -1.1957655e+00
  -1.1866617e+00
  -1.1744395e+00
  -1.1591453e+00
  -1.1408314e+00
  -1.1195553e+00
  -1.0953798e+00
  -1.0683725e+00
  -1.0386060e+00
  -1.0061586e+00
  -9.7111406e-01
  -9.3356287e-01
  -8.9360238e-01
  -8.5133739e-01
  -8.0688043e-01
  -7.6035169e-01
  -7.1187889e-01
  -6.6159670e-01
  -6.0964602e-01
  -5.5617297e-01
  -5.0132779e-01
  -4.4526359e-01
  -3.8813514e-01
  -3.3009772e-01
  -2.7130612e-01
  -2.1191380e-01
  -1.5207229e-01
  -9.1930859e-02
  -3.1636393e-02
   2.8666521e-02
   8.8835297e-02
   1.4872896e-01
   2.0820771e-01
   2.6713259e-01
   3.2536518e-01
   3.8276756e-01
   4.3920237e-01
   4.9453319e-01
   5.4862499e-01
   6.0134486e-01
   6.5256273e-01
   7.0215226e-01
   7.4999156e-01
   7.9596391e-01
   8.3995835e-01
   8.8187002e-01
   9.2160023e-01
   9.5905635e-01
   9.9415134e-01
   1.0268031e+00
   1.0569338e+00
   1.0844687e+00
   1.1093353e+00
   1.1314626e+00
   1.1507800e+00
   1.1672172e+00
   1.1807035e+00
   1.1911681e+00
   1.1985403e+00
   1.2027509e+00
   1.2037327e+00
   1.2014224e+00
   1.1957626e+00
   1.1867037e+00
   1.1742061e+00
   1.1582428e+00
   1.1388014e+00
   1.1158868e+00
   1.0895228e+00
   1.0597544e+00
   1.0266490e+00
   9.9029784e-01
   9.5081669e-01
   9.0834685e-01
   8.6305519e-01
   8.1513434e-01
   7.6480237e-01
   7.1230237e-01
   6.5790162e-01
   6.0189045e-01
   5.4458074e-01
   4.8630407e-01
   4.2740932e-01
   3.6825985e-01
   3.0923011e-01
   2.5070159e-01
   1.9305819e-01
   1.3668094e-01
   8.1942213e-02
   2.9199410e-02
  -2.1211597e-02
  -6.8983196e-02
  -1.1384266e-01
  -1.5555850e-01
  -1.9394621e-01
  -2.2887324e-01
  -2.6026292e-01
  -2.8809692e-01
  -3.1241629e-01
  -3.3332053e-01
  -3.5096492e-01
  -3.6555585e-01
