  -4.7823343e-01
  -3.9357258e-01
  -2.8255149e-01
  -1.4236739e-01
   2.9615853e-02
   2.3580936e-01
   4.7834353e-01
   7.5901686e-01
   1.0792509e+00
   1.4400534e+00
   1.8419905e+00
   2.2851695e+00
   2.7692338e+00
   3.2933680e+00
   3.8563160e+00
   4.4564083e+00
   5.0915998e+00
   5.7595149e+00
   6.4574997e+00
   7.1826778e+00
   7.9320105e+00
   8.7023569e+00
   9.4905342e+00
   1.0293377e+01
   1.1107790e+01
   1.1930804e+01
   1.2759617e+01
   1.3591635e+01
   1.4424507e+01
   1.5256149e+01
   1.6084765e+01
   1.6908857e+01
   1.7727231e+01
   1.8538998e+01
   1.9343564e+01
   2.0140620e+01
   2.0930121e+01
   2.1712273e+01
   2.2487499e+01
   2.3256423e+01
   2.4019833e+01
   2.4778659e+01
   2.5533941e+01
   2.6286803e+01
   2.7038426e+01
   2.7790019e+01
   2.8542803e+01
   2.9297985e+01
   3.0056742e+01
   3.0820207e+01
   3.1589454e+01
   3.2365495e+01
   3.3149266e+01
   3.3941628e+01
   3.4743367e+01
   3.5555189e+01
   3.6377727e+01
   3.7211543e+01
   3.8057133e+01
   3.8914934e+01
   3.9785326e+01
   4.0668643e+01
   4.1565174e+01
   4.2475173e+01
   4.3398863e+01
   4.4336437e+01
   4.5288066e+01
   4.6253901e+01
   4.7234075e+01
   4.8228701e+01
   4.9237880e+01
   5.0261693e+01
   5.1300208e+01
   5.2353469e+01
   5.3421503e+01
   5.4504313e+01
   5.5601875e+01
   5.6714137e+01
   5.7841017e+01
   5.8982397e+01
   6.0138127e+01
   6.1308019e+01
   6.2491850e+01
   6.3689359e+01
   6.4900253e+01
   6.6124204e+01
   6.7360852e+01
   6.8609814e+01
   6.9870679e+01
   7.1143018e+01
   7.2426390e+01
   7.3720341e+01
   7.5024414e+01
   7.6338155e+01
   7.7661117e+01
   7.8992862e+01
   8.0332975e+01
   8.1681060e+01
   8.3036747e+01
   8.4399700e+01
   8.5769613e+01
   8.7146219e+01
   8.8529289e+01
   8.9918631e+01
   9.1314095e+01
   9.2715568e+01
   9.4122971e+01
   9.5536260e+01
   9.6955416e+01
   9.8380442e+01
   9.9811352e+01
   1.0124816e+02
   1.0269088e+02
   1.0413949e+02
   1.0559394e+02
   1.0705411e+02
   1.0851983e+02
   1.0999080e+02
   1.1146664e+02
   1.1294680e+02
   1.1443058e+02
   1.1591710e+02
   1.1740524e+02
   1.1889368e+02
   1.2038082e+02
   1.2186479e+02
   1.2334344e+02
   1.2481430e+02
   1.2627461e+02
   1.2772129e+02
   1.2915096e+02
   1.3055996e+02
   1.3194436e+02
   1.3330000e+02
   1.3462250e+02
   1.3590735e+02
   1.3714995e+02
   1.3834564e+02
   1.3948982e+02
   1.4057797e+02
   1.4160576e+02
   1.4256912e+02
   1.4346431e+02
   1.4428799e+02
   1.4503730e+02
   1.4570991e+02
   1.4630408e+02
   1.4681870e+02
   1.4725331e+02
   1.4760812e+02
   1.4788400e+02
   1.4808247e+02
   1.4820565e+02
   1.4825625e+02
   1.4823747e+02
   1.4815295e+02
   1.4800672e+02
   1.4780306e+02
   1.4754648e+02
   1.4724159e+02
   1.4689303e+02
   1.4650541e+02
   1.4608321e+02
   1.4563071e+02
   1.4515197e+02
   1.4465069e+02
   1.4413027e+02
   1.4359367e+02
   1.4304345e+02
   1.4248170e+02
   1.4191008e+02
   1.4132973e+02
   1.4074136e+02
   1.4014517e+02
   1.3954093e+02
   1.3892794e+02
   1.3830508e+02
   1.3767082e+02
   1.3702327e+02
   1.3636018e+02
   1.3567897e+02
   1.3497681e+02
   1.3425062e+02
   1.3349710e+02
   1.3271283e+02
   1.3189425e+02
   1.3103775e+02
   1.3013969e+02
   1.2919648e+02
   1.2820459e+02
   1.2716063e+02
   1.2606141e+02
   1.2490394e+02
   1.2368551e+02
   1.2240375e+02
   1.2105663e+02
   1.1964250e+02
   1.1816014e+02
   1.1660877e+02
   1.1498804e+02
   1.1329806e+02
   1.1153935e+02
   1.0971289e+02
   1.0781999e+02
   1.0586234e+02
   1.0384189e+02
   1.0176086e+02
   9.9621588e+01
   9.7426530e+01
   9.5178152e+01
   9.2878864e+01
   9.0530946e+01
   8.8136476e+01
   8.5697268e+01
   8.3214811e+01
   8.0690228e+01
   7.8124235e+01
   7.5517118e+01
   7.2868728e+01
   7.0178486e+01
   6.7445406e+01
   6.4668134e+01
   6.1845006e+01
   5.8974117e+01
   5.6053412e+01
   5.3080783e+01
   5.0054187e+01
   4.6971763e+01
   4.3831973e+01
   4.0633726e+01
   3.7376524e+01
   3.4060591e+01
   3.0686997e+01
   2.7257781e+01
   2.3776043e+01
   2.0246032e+01
   1.6673198e+01
   1.3064230e+01
   9.4270578e+00
   5.7708223e+00
   2.1058198e+00
  -1.5565921e+00
  -5.2041171e+00
  -8.8236749e+00
  -1.2401583e+01
  -1.5923761e+01
  -1.9375960e+01
  -2.2743999e+01
  -2.6014011e+01
  -2.9172694e+01
  -3.2207550e+01
  -3.5107108e+01
  -3.7861126e+01
  -4.0460760e+01
  -4.2898693e+01
  -4.5169221e+01
  -4.7268294e+01
  -4.9193501e+01
  -5.0944019e+01
  -5.2520500e+01
  -5.3924940e+01
  -5.5160497e+01
  -5.6231291e+01
  -5.7142187e+01
  -5.7898564e+01
  -5.8506082e+01
  -5.8970460e+01
  -5.9297257e+01
  -5.9491679e+01
  -5.9558410e+01
  -5.9501464e+01
  -5.9324083e+01
  -5.9028655e+01
  -5.8616672e+01
  -5.8088733e+01
  -5.7444559e+01
  -5.6683065e+01
  -5.5802436e+01
  -5.4800244e+01
  -5.3673577e+01
  -5.2419181e+01
  -5.1033616e+01
  -4.9513413e+01
  -4.7855230e+01
  -4.6056005e+01
  -4.4113094e+01
  -4.2024411e+01
  -3.9788534e+01
  -3.7404819e+01
  -3.4873482e+01
  -3.2195684e+01
  -2.9373588e+01
  -2.6410418e+01
  -2.3310500e+01
  -2.0079299e+01
  -1.6723439e+01
  -1.3250719e+01
  -9.6701158e+00
  -5.9917755e+00
  -2.2269899e+00
   1.6118402e+00
   5.5112598e+00
   9.4568323e+00
   1.3433232e+01
   1.7424360e+01
   2.1413475e+01
   2.5383358e+01
   2.9316482e+01
   3.3195217e+01
   3.7002039e+01
   4.0719756e+01
   4.4331739e+01
   4.7822157e+01
   5.1176201e+01
   5.4380298e+01
   5.7422304e+01
   6.0291668e+01
   6.2979565e+01
   6.5478985e+01
   6.7784788e+01
   6.9893701e+01
   7.1804282e+01
   7.3516835e+01
   7.5033279e+01
   7.6356993e+01
   7.7492622e+01
   7.8445865e+01
   7.9223250e+01
   7.9831899e+01
   8.0279295e+01
   8.0573060e+01
   8.0720739e+01
   8.0729615e+01
   8.0606539e+01
   8.0357795e+01
   7.9988987e+01
   7.9504970e+01
   7.8909799e+01
   7.8206715e+01
   7.7398161e+01
   7.6485820e+01
   7.5470675e+01
   7.4353089e+01
   7.3132901e+01
   7.1809527e+01
   7.0382070e+01
   6.8849433e+01
   6.7210421e+01
   6.5463851e+01
   6.3608646e+01
   6.1643922e+01
   5.9569070e+01
   5.7383830e+01
   5.5088351e+01
   5.2683257e+01
   5.0169696e+01
   4.7549394e+01
   4.4824699e+01
   4.1998626e+01
   3.9074898e+01
   3.6057987e+01
   3.2953141e+01
   2.9766424e+01
   2.6504740e+01
   2.3175849e+01
   1.9788387e+01
   1.6351866e+01
   1.2876672e+01
   9.3740413e+00
   5.8560316e+00
   2.3354723e+00
  -1.1740995e+00
  -4.6585210e+00
  -8.1031034e+00
  -1.1492747e+01
  -1.4812075e+01
  -1.8045578e+01
  -2.1177772e+01
  -2.4193365e+01
  -2.7077424e+01
  -2.9815546e+01
  -3.2394021e+01
  -3.4799975e+01
  -3.7021511e+01
  -3.9047816e+01
  -4.0869249e+01
  -4.2477404e+01
  -4.3865143e+01
  -4.5026612e+01
  -4.5957233e+01
  -4.6653675e+01
  -4.7113823e+01
  -4.7336724e+01
  -4.7322539e+01
  -4.7072484e+01
  -4.6588776e+01
  -4.5874577e+01
  -4.4933940e+01
  -4.3771763e+01
  -4.2393742e+01
  -4.0806327e+01
  -3.9016678e+01
  -3.7032634e+01
  -3.4862667e+01
  -3.2515856e+01
  -3.0001850e+01
  -2.7330845e+01
  -2.4513561e+01
  -2.1561223e+01
  -1.8485556e+01
  -1.5298772e+01
  -1.2013575e+01
  -8.6431521e+00
  -5.2011818e+00
  -1.7018254e+00
   1.8402789e+00
   5.4100332e+00
   8.9919075e+00
   1.2569981e+01
   1.6128001e+01
   1.9649455e+01
   2.3117667e+01
   2.6515906e+01
   2.9827515e+01
   3.3036055e+01
   3.6125452e+01
   3.9080160e+01
   4.1885319e+01
   4.4526905e+01
   4.6991872e+01
   4.9268275e+01
   5.1345376e+01
   5.3213711e+01
   5.4865148e+01
   5.6292905e+01
   5.7491549e+01
   5.8456975e+01
   5.9186363e+01
   5.9678124e+01
   5.9931837e+01
   5.9948179e+01
   5.9728853e+01
   5.9276518e+01
   5.8594723e+01
   5.7687842e+01
   5.6561021e+01
   5.5220125e+01
   5.3671695e+01
   5.1922907e+01
   4.9981541e+01
   4.7855950e+01
   4.5555035e+01
   4.3088227e+01
   4.0465470e+01
   3.7697215e+01
   3.4794418e+01
   3.1768541e+01
   2.8631565e+01
   2.5396001e+01
   2.2074907e+01
   1.8681906e+01
   1.5231203e+01
   1.1737595e+01
   8.2164805e+00
   4.6838508e+00
   1.1562772e+00
  -2.3491219e+00
  -5.8147291e+00
  -9.2224969e+00
  -1.2554035e+01
  -1.5790719e+01
  -1.8913820e+01
  -2.1904653e+01
  -2.4744736e+01
  -2.7415973e+01
  -2.9900829e+01
  -3.2182525e+01
  -3.4245215e+01
  -3.6074167e+01
  -3.7655926e+01
  -3.8978465e+01
  -4.0031316e+01
  -4.0805692e+01
  -4.1294580e+01
  -4.1492827e+01
  -4.1397205e+01
  -4.1006460e+01
  -4.0321342e+01
  -3.9344626e+01
  -3.8081111e+01
  -3.6537601e+01
  -3.4722868e+01
  -3.2647605e+01
  -3.0324350e+01
  -2.7767403e+01
  -2.4992725e+01
  -2.2017820e+01
  -1.8861612e+01
  -1.5544310e+01
  -1.2087263e+01
  -8.5128072e+00
  -4.8441148e+00
  -1.1050264e+00
   2.6801144e+00
   6.4866345e+00
   1.0289708e+01
   1.4064540e+01
   1.7786548e+01
   2.1431555e+01
   2.4975973e+01
   2.8396992e+01
   3.1672764e+01
   3.4782571e+01
   3.7706989e+01
   4.0428032e+01
   4.2929275e+01
   4.5195952e+01
   4.7215033e+01
   4.8975276e+01
   5.0467243e+01
   5.1683312e+01
   5.2617658e+01
   5.3266219e+01
   5.3626661e+01
   5.3698324e+01
   5.3482176e+01
   5.2980755e+01
   5.2198121e+01
   5.1139806e+01
   4.9812769e+01
   4.8225357e+01
   4.6387267e+01
   4.4309513e+01
   4.2004394e+01
   3.9485471e+01
   3.6767539e+01
   3.3866604e+01
   3.0799857e+01
   2.7585648e+01
   2.4243449e+01
   2.0793819e+01
   1.7258345e+01
   1.3659585e+01
   1.0020980e+01
   6.3667599e+00
   2.7218221e+00
  -8.8840845e-01
  -4.4381422e+00
  -7.9014098e+00
  -1.1252270e+01
  -1.4465036e+01
  -1.7514520e+01
  -2.0376296e+01
  -2.3026961e+01
  -2.5444413e+01
  -2.7608118e+01
  -2.9499367e+01
  -3.1101523e+01
  -3.2400235e+01
  -3.3383642e+01
  -3.4042526e+01
  -3.4370451e+01
  -3.4363853e+01
  -3.4022109e+01
  -3.3347562e+01
  -3.2345511e+01
  -3.1024177e+01
  -2.9394622e+01
  -2.7470650e+01
  -2.5268668e+01
  -2.2807529e+01
  -2.0108350e+01
  -1.7194302e+01
  -1.4090399e+01
  -1.0823262e+01
  -7.4208741e+00
  -3.9123290e+00
  -3.2757311e-01
   3.3028596e+00
   6.9481150e+00
   1.0577289e+01
   1.4159700e+01
   1.7665158e+01
   2.1064234e+01
   2.4328524e+01
   2.7430909e+01
   3.0345794e+01
   3.3049345e+01
   3.5519699e+01
   3.7737152e+01
   3.9684321e+01
   4.1346278e+01
   4.2710649e+01
   4.3767690e+01
   4.4510326e+01
   4.4934170e+01
   4.5037507e+01
   4.4821270e+01
   4.4288985e+01
   4.3446704e+01
   4.2302919e+01
   4.0868471e+01
   3.9156437e+01
   3.7182015e+01
   3.4962401e+01
   3.2516657e+01
   2.9865578e+01
   2.7031561e+01
   2.4038464e+01
   2.0911466e+01
   1.7676932e+01
   1.4362258e+01
   1.0995723e+01
   7.6063239e+00
   4.2236016e+00
   8.7744936e-01
  -2.4020926e+00
  -5.5850621e+00
  -8.6418186e+00
  -1.1543307e+01
  -1.4261338e+01
  -1.6768885e+01
  -1.9040394e+01
  -2.1052097e+01
  -2.2782332e+01
  -2.4211849e+01
  -2.5324106e+01
  -2.6105544e+01
  -2.6545822e+01
  -2.6638025e+01
  -2.6378825e+01
  -2.5768591e+01
  -2.4811453e+01
  -2.3515315e+01
  -2.1891810e+01
  -1.9956210e+01
  -1.7727281e+01
  -1.5227089e+01
  -1.2480775e+01
  -9.5162737e+00
  -6.3640107e+00
  -3.0565660e+00
   3.7168819e-01
   3.8849700e+00
   7.4464862e+00
   1.1018844e+01
   1.4564468e+01
   1.8046029e+01
   2.1426859e+01
   2.4671378e+01
   2.7745492e+01
   3.0616989e+01
   3.3255905e+01
   3.5634861e+01
   3.7729370e+01
   3.9518101e+01
   4.0983096e+01
   4.2109949e+01
   4.2887933e+01
   4.3310079e+01
   4.3373214e+01
   4.3077950e+01
   4.2428639e+01
   4.1433284e+01
   4.0103417e+01
   3.8453939e+01
   3.6502942e+01
   3.4271494e+01
   3.1783408e+01
   2.9064995e+01
   2.6144800e+01
   2.3053333e+01
   1.9822788e+01
   1.6486753e+01
   1.3079926e+01
   9.6378105e+00
   6.1964137e+00
   2.7919328e+00
  -5.3956751e-01
  -3.7624873e+00
  -6.8420344e+00
  -9.7445771e+00
  -1.2438006e+01
  -1.4892099e+01
  -1.7078892e+01
  -1.8973043e+01
  -2.0552184e+01
  -2.1797262e+01
  -2.2692844e+01
  -2.3227399e+01
  -2.3393522e+01
  -2.3188121e+01
  -2.2612539e+01
  -2.1672617e+01
  -2.0378694e+01
  -1.8745539e+01
  -1.6792223e+01
  -1.4541923e+01
  -1.2021672e+01
  -9.2620546e+00
  -6.2968499e+00
  -3.1626333e+00
   1.0166137e-01
   3.4552129e+00
   6.8558120e+00
   1.0260383e+01
   1.3625526e+01
   1.6908064e+01
   2.0065606e+01
   2.3057097e+01
   2.5843372e+01
   2.8387683e+01
   3.0656208e+01
   3.2618522e+01
   3.4248028e+01
   3.5522339e+01
   3.6423601e+01
   3.6938757e+01
   3.7059746e+01
   3.6783637e+01
   3.6112688e+01
   3.5054345e+01
   3.3621166e+01
   3.1830680e+01
   2.9705175e+01
   2.7271431e+01
   2.4560381e+01
   2.1606728e+01
   1.8448505e+01
   1.5126589e+01
   1.1684175e+01
   8.1662244e+00
   4.6188753e+00
   1.0888403e+00
  -2.3772121e+00
  -5.7332831e+00
  -8.9346673e+00
  -1.1938569e+01
  -1.4704701e+01
  -1.7195861e+01
  -1.9378465e+01
  -2.1223051e+01
  -2.2704716e+01
  -2.3803496e+01
  -2.4504679e+01
  -2.4799036e+01
  -2.4682978e+01
  -2.4158617e+01
  -2.3233758e+01
  -2.1921792e+01
  -2.0241515e+01
  -1.8216858e+01
  -1.5876550e+01
  -1.3253708e+01
  -1.0385359e+01
  -7.3119162e+00
  -4.0766033e+00
  -7.2483821e-01
   2.6964088e+00
   6.1392813e+00
   9.5557140e+00
   1.2898115e+01
   1.6120044e+01
   1.9176872e+01
   2.2026423e+01
   2.4629576e+01
   2.6950833e+01
   2.8958821e+01
   3.0626750e+01
   3.1932784e+01
   3.2860354e+01
   3.3398382e+01
   3.3541425e+01
   3.3289741e+01
   3.2649267e+01
   3.1631526e+01
   3.0253445e+01
   2.8537106e+01
   2.6509431e+01
   2.4201795e+01
   2.1649585e+01
   1.8891714e+01
   1.5970081e+01
   1.2928998e+01
   9.8145842e+00
   6.6741335e+00
   3.5554601e+00
   5.0623016e-01
  -2.4267152e+00
  -5.1980402e+00
  -7.7645891e+00
  -1.0086048e+01
  -1.2125585e+01
  -1.3850459e+01
  -1.5232584e+01
  -1.6249041e+01
  -1.6882523e+01
  -1.7121698e+01
  -1.6961489e+01
  -1.6403246e+01
  -1.5454814e+01
  -1.4130483e+01
  -1.2450825e+01
  -1.0442414e+01
  -8.1374280e+00
  -5.5731530e+00
  -2.7913807e+00
   1.6227464e-01
   3.2391354e+00
   6.3882789e+00
   9.5574000e+00
   1.2693702e+01
   1.5744799e+01
   1.8659617e+01
   2.1389269e+01
   2.3887897e+01
   2.6113458e+01
   2.8028447e+01
   2.9600535e+01
   3.0803119e+01
   3.1615770e+01
   3.2024578e+01
   3.2022379e+01
   3.1608880e+01
   3.0790657e+01
   2.9581054e+01
   2.7999956e+01
   2.6073469e+01
   2.3833492e+01
   2.1317191e+01
   1.8566396e+01
   1.5626912e+01
   1.2547771e+01
   9.3804239e+00
   6.1778891e+00
   2.9938737e+00
  -1.1812742e-01
  -3.1057346e+00
  -5.9185774e+00
  -8.5091635e+00
  -1.0833708e+01
  -1.2852908e+01
  -1.4532649e+01
  -1.5844622e+01
  -1.6766848e+01
  -1.7284090e+01
  -1.7388143e+01
  -1.7077998e+01
  -1.6359877e+01
  -1.5247126e+01
  -1.3759980e+01
  -1.1925205e+01
  -9.7756074e+00
  -7.3494399e+00
  -4.6897071e+00
  -1.8433824e+00
   1.1394439e+00
   4.2064720e+00
   7.3041381e+00
   1.0378582e+01
   1.3376616e+01
   1.6246686e+01
   1.8939793e+01
   2.1410378e+01
   2.3617130e+01
   2.5523729e+01
   2.7099482e+01
   2.8319863e+01
   2.9166934e+01
   2.9629645e+01
   2.9704006e+01
   2.9393139e+01
   2.8707190e+01
   2.7663128e+01
   2.6284413e+01
   2.4600562e+01
   2.2646596e+01
   2.0462403e+01
   1.8092006e+01
   1.5582765e+01
   1.2984516e+01
   1.0348668e+01
   7.7272576e+00
   5.1719965e+00
   2.7333076e+00
   4.5937690e-01
  -1.6047675e+00
  -3.4181323e+00
  -4.9445736e+00
  -6.1535339e+00
  -7.0206841e+00
  -7.5284538e+00
  -7.6664368e+00
  -7.4316569e+00
  -6.8286839e+00
  -5.8695928e+00
  -4.5737620e+00
  -2.9675130e+00
  -1.0835962e+00
   1.0394655e+00
   3.3581621e+00
   5.8248913e+00
   8.3889449e+00
   1.0997562e+01
   1.3597028e+01
   1.6133791e+01
   1.8555575e+01
   2.0812463e+01
   2.2857927e+01
   2.4649783e+01
   2.6151049e+01
   2.7330694e+01
   2.8164256e+01
   2.8634326e+01
   2.8730878e+01
   2.8451461e+01
   2.7801224e+01
   2.6792794e+01
   2.5446011e+01
   2.3787504e+01
   2.1850148e+01
   1.9672389e+01
   1.7297463e+01
   1.4772518e+01
   1.2147658e+01
   9.4749356e+00
   6.8072938e+00
   4.1974946e+00
   1.6970450e+00
  -6.4485704e-01
  -2.7823360e+00
  -4.6737921e+00
  -6.2827738e+00
  -7.5787514e+00
  -8.5377731e+00
  -9.1429870e+00
  -9.3850153e+00
  -9.2621691e+00
  -8.7804962e+00
  -7.9536581e+00
  -6.8026379e+00
  -5.3552839e+00
  -3.6456984e+00
  -1.7134860e+00
   3.9712172e-01
   2.6382453e+00
   4.9594175e+00
   7.3087006e+00
   9.6338352e+00
   1.1883395e+01
   1.4007924e+01
   1.5961022e+01
   1.7700366e+01
   1.9188637e+01
   2.0394329e+01
   2.1292430e+01
   2.1864949e+01
   2.2101295e+01
   2.1998484e+01
   2.1561173e+01
   2.0801539e+01
   1.9738979e+01
   1.8399661e+01
   1.6815926e+01
   1.5025550e+01
   1.3070899e+01
   1.0997975e+01
   8.8553849e+00
   6.6932502e+00
   4.5620849e+00
   2.5116553e+00
   5.8985463e-01
  -1.1583879e+00
  -2.6921381e+00
  -3.9754056e+00
  -4.9779859e+00
  -5.6761773e+00
  -6.0533510e+00
  -6.1003588e+00
  -5.8157655e+00
  -5.2058969e+00
  -4.2846985e+00
  -3.0734077e+00
  -1.6000457e+00
   1.0125938e-01
   1.9910998e+00
   4.0257464e+00
   6.1582121e+00
   8.3393938e+00
   1.0519263e+01
   1.2648077e+01
   1.4677577e+01
   1.6562141e+01
   1.8259874e+01
   1.9733595e+01
   2.0951697e+01
   2.1888876e+01
   2.2526693e+01
   2.2853969e+01
   2.2867001e+01
   2.2569594e+01
   2.1972921e+01
   2.1095200e+01
   1.9961210e+01
   1.8601654e+01
   1.7052379e+01
   1.5353489e+01
   1.3548352e+01
   1.1682540e+01
   9.8027144e+00
   7.9554957e+00
   6.1863274e+00
   4.5383735e+00
   3.0514665e+00
   1.7611342e+00
   6.9772689e-01
  -1.1433111e-01
  -6.5714769e-01
  -9.1980772e-01
  -8.9864301e-01
  -5.9731689e-01
  -2.6717901e-02
   7.9533721e-01
   1.8445851e+00
   3.0909699e+00
   4.4994521e+00
   6.0309504e+00
   7.6433891e+00
   9.2928243e+00
   1.0934615e+01
   1.2524611e+01
   1.4020319e+01
   1.5382023e+01
   1.6573825e+01
   1.7564572e+01
   1.8328658e+01
   1.8846671e+01
   1.9105871e+01
   1.9100486e+01
   1.8831829e+01
   1.8308219e+01
   1.7544728e+01
   1.6562748e+01
   1.5389387e+01
   1.4056737e+01
   1.2600994e+01
   1.1061488e+01
   9.4796310e+00
   7.8978037e+00
   6.3582293e+00
   4.9018434e+00
   3.5671982e+00
   2.3894278e+00
   1.3993016e+00
   6.2239180e-01
   7.8379135e-02
  -2.1948262e-01
  -2.6472616e-01
  -5.7841470e-02
   3.9374931e-01
   1.0759138e+00
   1.9682230e+00
   3.0445443e+00
   4.2737965e+00
   5.6208444e+00
   7.0475048e+00
   8.5136347e+00
   9.9782682e+00
   1.1400770e+01
   1.2741972e+01
   1.3965252e+01
   1.5037546e+01
   1.5930234e+01
   1.6619904e+01
   1.7088960e+01
   1.7326062e+01
   1.7326390e+01
   1.7091723e+01
   1.6630338e+01
   1.5956734e+01
   1.5091178e+01
   1.4059110e+01
   1.2890398e+01
   1.1618487e+01
   1.0279449e+01
   8.9109741e+00
   7.5513108e+00
   6.2382050e+00
   5.0078471e+00
   3.8938651e+00
   2.9263859e+00
   2.1311931e+00
   1.5290027e+00
   1.1348799e+00
   9.5781439e-01
   1.0004698e+00
   1.2591171e+00
   1.7237563e+00
   2.3784270e+00
   3.2016976e+00
   4.1673211e+00
   5.2450364e+00
   6.4014897e+00
   7.6012493e+00
   8.8078792e+00
   9.9850415e+00
   1.1097590e+01
   1.2112626e+01
   1.3000476e+01
   1.3735573e+01
   1.4297201e+01
   1.4670092e+01
   1.4844851e+01
   1.4818204e+01
   1.4593053e+01
   1.4178346e+01
   1.3588773e+01
   1.2844281e+01
   1.1969438e+01
   1.0992664e+01
   9.9453487e+00
   8.8608868e+00
   7.7736519e+00
   6.7179484e+00
   5.7269648e+00
   4.8317608e+00
   4.0603181e+00
   3.4366828e+00
   2.9802253e+00
   2.7050420e+00
   2.6195187e+00
   2.7260708e+00
   3.0210719e+00
   3.4949749e+00
   4.1326224e+00
   4.9137384e+00
   5.8135841e+00
   6.8037566e+00
   7.8531024e+00
   8.9287165e+00
   9.9969921e+00
   1.1024688e+01
   1.1979975e+01
   1.2833435e+01
   1.3558969e+01
   1.4134593e+01
   1.4543104e+01
   1.4772572e+01
   1.4816676e+01
   1.4674850e+01
   1.4352254e+01
   1.3859552e+01
   1.3212535e+01
   1.2431574e+01
   1.1540937e+01
   1.0567991e+01
   9.5423115e+00
   8.4947276e+00
   7.4563337e+00
   6.4574996e+00
   5.5269059e+00
   4.6906377e+00
   3.9713631e+00
   3.3876238e+00
   2.9532603e+00
   2.6769928e+00
   2.5621712e+00
   2.6067057e+00
   2.8031805e+00
   3.1391470e+00
   3.5975877e+00
   4.1575326e+00
   4.7948080e+00
   5.4828896e+00
   6.1938308e+00
   6.8992347e+00
   7.5712352e+00
   8.1834550e+00
   8.7119056e+00
   9.1358012e+00
   9.4382556e+00
   9.6068404e+00
   9.6339842e+00
   9.5172013e+00
   9.2591414e+00
   8.8674618e+00
   8.3545259e+00
   7.7369415e+00
   7.0349555e+00
   6.2717258e+00
   5.4724981e+00
   4.6637142e+00
   3.8720835e+00
   3.1236481e+00
   2.4428738e+00
   1.8517966e+00
   1.3692553e+00
   1.0102360e+00
   7.8535279e-01
   7.0048337e-01
   7.5657504e-01
   9.4962836e-01
   1.2708604e+00
   1.7070418e+00
   2.2409951e+00
   2.8522352e+00
   3.5177279e+00
   4.2127381e+00
   4.9117350e+00
   5.5893224e+00
   6.2211576e+00
   6.7848278e+00
   7.2606485e+00
   7.6323586e+00
   7.8876841e+00
   8.0187531e+00
   8.0223462e+00
   7.8999770e+00
   7.6577995e+00
   7.3063488e+00
   6.8601251e+00
   6.3370393e+00
   5.7577388e+00
   5.1448404e+00
   4.5220979e+00
   3.9135317e+00
   3.3425540e+00
   2.8311168e+00
   2.3989151e+00
   2.0626712e+00
   1.8355276e+00
   1.7265706e+00
   1.7405028e+00
   1.8774788e+00
   2.1331115e+00
   2.4986494e+00
   2.9613184e+00
   3.5048171e+00
   4.1099424e+00
   4.7553249e+00
   5.4182426e+00
   6.0754815e+00
   6.7042112e+00
   7.2828402e+00
   7.7918187e+00
   8.2143586e+00
   8.5370436e+00
   8.7503066e+00
   8.8487574e+00
   8.8313510e+00
   8.7013890e+00
   8.4663580e+00
   8.1376109e+00
   7.7299038e+00
   7.2608082e+00
   6.7500206e+00
   6.2185947e+00
   5.6881270e+00
   5.1799247e+00
   4.7141866e+00
   4.3092292e+00
   3.9807857e+00
   3.7414052e+00
   3.5999763e+00
   3.5613941e+00
   3.6263848e+00
   3.7914952e+00
   4.0492488e+00
   4.3884622e+00
   4.7947071e+00
   5.2509009e+00
   5.7379991e+00
   6.2357622e+00
   6.7235649e+00
   7.1812154e+00
   7.5897504e+00
   7.9321760e+00
   8.1941235e+00
   8.3643949e+00
   8.4353775e+00
   8.4033126e+00
   8.2684079e+00
   8.0347923e+00
   7.7103154e+00
   7.3062016e+00
   6.8365743e+00
   6.3178690e+00
   5.7681608e+00
   5.2064308e+00
   4.6518028e+00
   4.1227769e+00
   3.6364920e+00
   3.2080439e+00
   2.8498877e+00
   2.5713472e+00
   2.3782520e+00
   2.2727201e+00
   2.2530937e+00
   2.3140343e+00
   2.4467724e+00
   2.6395017e+00
   2.8779016e+00
   3.1457644e+00
   3.4257002e+00
   3.6998912e+00
   3.9508610e+00
   4.1622282e+00
   4.3194117e+00
   4.4102580e+00
   4.4255649e+00
   4.3594776e+00
   4.2097442e+00
   3.9778170e+00
   3.6687993e+00
   3.2912386e+00
   2.8567777e+00
   2.3796766e+00
   1.8762283e+00
   1.3640915e+00
   8.6156716e-01
   3.8685019e-01
  -4.2715058e-02
  -4.1134449e-01
  -7.0546030e-01
  -9.1424643e-01
  -1.0300899e+00
  -1.0488887e+00
  -9.7021291e-01
  -7.9731173e-01
  -5.3696571e-01
  -1.9919162e-01
   2.0318732e-01
   6.5508662e-01
   1.1397970e+00
   1.6396842e+00
   2.1369224e+00
   2.6142294e+00
   3.0555710e+00
   3.4468072e+00
   3.7762494e+00
   4.0351076e+00
   4.2178073e+00
   4.3221653e+00
   4.3494163e+00
   4.3040930e+00
   4.1937652e+00
   4.0286517e+00
   3.8211227e+00
   3.5851155e+00
   3.3354902e+00
   3.0873525e+00
   2.8553735e+00
   2.6531352e+00
   2.4925310e+00
   2.3832454e+00
   2.3323386e+00
   2.3439520e+00
   2.4191506e+00
   2.5559078e+00
   2.7492340e+00
   2.9914422e+00
   3.2725356e+00
   3.5807005e+00
   3.9028778e+00
   4.2253879e+00
   4.5345781e+00
   4.8174644e+00
   5.0623351e+00
   5.2592917e+00
   5.4006993e+00
   5.4815278e+00
   5.4995690e+00
   5.4555189e+00
   5.3529249e+00
   5.1979997e+00
   4.9993124e+00
   4.7673723e+00
   4.5141245e+00
   4.2523816e+00
   3.9952170e+00
   3.7553482e+00
   3.5445374e+00
   3.3730379e+00
   3.2491102e+00
   3.1786332e+00
   3.1648275e+00
   3.2081053e+00
   3.3060563e+00
   3.4535688e+00
   3.6430824e+00
   3.8649574e+00
   4.1079459e+00
   4.3597379e+00
   4.6075580e+00
   4.8387825e+00
   5.0415477e+00
   5.2053196e+00
   5.3213983e+00
   5.3833320e+00
   5.3872228e+00
   5.3319089e+00
   5.2190161e+00
   5.0528759e+00
   4.8403165e+00
   4.5903351e+00
   4.3136695e+00
   4.0222870e+00
   3.7288180e+00
   3.4459574e+00
   3.1858644e+00
   2.9595875e+00
   2.7765424e+00
   2.6440680e+00
   2.5670822e+00
   2.5478551e+00
   2.5859118e+00
   2.6780696e+00
   2.8186086e+00
   2.9995659e+00
   3.2111397e+00
   3.4421810e+00
   3.6807491e+00
   3.9147023e+00
   4.1322949e+00
   4.3227505e+00
   4.4767836e+00
   4.5870441e+00
   4.6484621e+00
   4.6584777e+00
   4.6171440e+00
   4.5271004e+00
   4.3934182e+00
   4.2233264e+00
   4.0258342e+00
   3.8112676e+00
   3.5907443e+00
   3.3756118e+00
   3.1768773e+00
   3.0046561e+00
   2.8676651e+00
   2.7727888e+00
   2.7247366e+00
   2.7258119e+00
   2.7758041e+00
   2.8720096e+00
   3.0093806e+00
   3.1807940e+00
   3.3774261e+00
   3.5892114e+00
   3.8053642e+00
   4.0149324e+00
   4.2073582e+00
   4.3730144e+00
   4.5036901e+00
   4.5930013e+00
   4.6367047e+00
   4.6329003e+00
   4.5821121e+00
   4.4872453e+00
   4.3534208e+00
   4.1876998e+00
   3.9987100e+00
   3.7961958e+00
   3.5905150e+00
   3.3921072e+00
   3.2109625e+00
   3.0561156e+00
   2.9351937e+00
   2.8540386e+00
   2.8164247e+00
   2.8238867e+00
   2.8756647e+00
   2.9687713e+00
   3.0981733e+00
   3.2570798e+00
   3.4373188e+00
   3.6297828e+00
   3.8249178e+00
   4.0132309e+00
   4.1857882e+00
   4.3346776e+00
   4.4534115e+00
   4.5372491e+00
   4.5834214e+00
   4.5912483e+00
   4.5621427e+00
   4.4995032e+00
   4.4085027e+00
   4.2957845e+00
   4.1690843e+00
   4.0367973e+00
   3.9075145e+00
   3.7895515e+00
   3.6904952e+00
   3.6167906e+00
   3.5733918e+00
   3.5634941e+00
   3.5883634e+00
   3.6472712e+00
   3.7375419e+00
   3.8547061e+00
   3.9927542e+00
   4.1444733e+00
   4.3018495e+00
   4.4565107e+00
   4.6001865e+00
   4.7251579e+00
   4.8246721e+00
   4.8933001e+00
   4.9272157e+00
   4.9243830e+00
   4.8846421e+00
   4.8096899e+00
   4.7029582e+00
   4.5693980e+00
   4.4151824e+00
   4.2473464e+00
   4.0733836e+00
   3.9008226e+00
   3.7368069e+00
   3.5877008e+00
   3.4587446e+00
   3.3537765e+00
   3.2750398e+00
   3.2230845e+00
   3.1967705e+00
   3.1933719e+00
   3.2087758e+00
   3.2377629e+00
   3.2743528e+00
   3.3121931e+00
   3.3449692e+00
   3.3668085e+00
   3.3726578e+00
   3.3586078e+00
   3.3221475e+00
   3.2623312e+00
   3.1798495e+00
   3.0769977e+00
   2.9575461e+00
   2.8265183e+00
   2.6898906e+00
   2.5542317e+00
   2.4263028e+00
   2.3126414e+00
   2.2191545e+00
   2.1507438e+00
   2.1109865e+00
   2.1018921e+00
   2.1237485e+00
   2.1750697e+00
   2.2526481e+00
   2.3517099e+00
   2.4661629e+00
   2.5889253e+00
   2.7123129e+00
   2.8284654e+00
   2.9297841e+00
   3.0093579e+00
   3.0613515e+00
   3.0813331e+00
   3.0665238e+00
   3.0159525e+00
   2.9305087e+00
   2.8128898e+00
   2.6674476e+00
   2.4999407e+00
   2.3172109e+00
   2.1267995e+00
   1.9365276e+00
   1.7540645e+00
   1.5865089e+00
   1.4400066e+00
   1.3194289e+00
   1.2281279e+00
   1.1677858e+00
   1.1383635e+00
   1.1381539e+00
   1.1639331e+00
   1.2112019e+00
   1.2744991e+00
   1.3477703e+00
   1.4247659e+00
   1.4994467e+00
   1.5663707e+00
   1.6210371e+00
   1.6601673e+00
   1.6819051e+00
   1.6859230e+00
   1.6734295e+00
   1.6470770e+00
   1.6107765e+00
   1.5694330e+00
   1.5286168e+00
   1.4941929e+00
   1.4719318e+00
   1.4671249e+00
   1.4842304e+00
   1.5265694e+00
   1.5960946e+00
   1.6932426e+00
   1.8168833e+00
   1.9643664e+00
   2.1316639e+00
   2.3135983e+00
   2.5041423e+00
   2.6967718e+00
   2.8848474e+00
   3.0620039e+00
   3.2225201e+00
   3.3616482e+00
   3.4758811e+00
   3.5631413e+00
   3.6228806e+00
   3.6560841e+00
   3.6651802e+00
   3.6538626e+00
   3.6268357e+00
   3.5895008e+00
   3.5476024e+00
   3.5068558e+00
   3.4725807e+00
   3.4493620e+00
   3.4407601e+00
   3.4490879e+00
   3.4752706e+00
   3.5187949e+00
   3.5777528e+00
   3.6489756e+00
   3.7282487e+00
   3.8105933e+00
   3.8905948e+00
   3.9627569e+00
   4.0218586e+00
   4.0632902e+00
   4.0833469e+00
   4.0794625e+00
   4.0503674e+00
   3.9961630e+00
   3.9183078e+00
   3.8195182e+00
   3.7035894e+00
   3.5751511e+00
   3.4393720e+00
   3.3016334e+00
   3.1671927e+00
   3.0408575e+00
   2.9266917e+00
   2.8277735e+00
   2.7460194e+00
   2.6820872e+00
   2.6353651e+00
   2.6040461e+00
   2.5852825e+00
   2.5754103e+00
   2.5702263e+00
   2.5652994e+00
   2.5562948e+00
   2.5392876e+00
   2.5110461e+00
   2.4692635e+00
   2.4127234e+00
   2.3413859e+00
   2.2563896e+00
   2.1599696e+00
   2.0552962e+00
   1.9462474e+00
   1.8371305e+00
   1.7323714e+00
   1.6361938e+00
   1.5523096e+00
   1.4836425e+00
   1.4321039e+00
   1.3984370e+00
   1.3821413e+00
   1.3814832e+00
   1.3935926e+00
   1.4146389e+00
   1.4400748e+00
   1.4649304e+00
   1.4841390e+00
   1.4928721e+00
   1.4868599e+00
   1.4626791e+00
   1.4179845e+00
   1.3516720e+00
   1.2639610e+00
   1.1563892e+00
   1.0317239e+00
   8.9379351e-01
   7.4725242e-01
   5.9729564e-01
   4.4934227e-01
   3.0870921e-01
   1.8029693e-01
   6.8308212e-02
  -2.3981245e-02
  -9.4385495e-02
  -1.4189372e-01
  -1.6667379e-01
  -1.6999520e-01
  -1.5407861e-01
  -1.2188420e-01
  -7.6855047e-02
  -2.2634782e-02
   3.7219837e-02
   9.9510704e-02
   1.6163486e-01
   2.2176877e-01
   2.7898708e-01
   3.3330782e-01
   3.8566097e-01
   4.3778369e-01
   4.9205043e-01
   5.5125116e-01
   6.1833454e-01
   6.9613564e-01
   7.8710842e-01
   8.9308366e-01
   1.0150707e+00
   1.1531187e+00
   1.3062486e+00
   1.4724620e+00
   1.6488261e+00
   1.8316308e+00
   2.0166050e+00
   2.1991782e+00
   2.3747689e+00
   2.5390788e+00
   2.6883730e+00
   2.8197258e+00
   2.9312139e+00
   3.0220445e+00
   3.0926072e+00
   3.1444464e+00
   3.1801564e+00
   3.2032061e+00
   3.2177054e+00
   3.2281305e+00
   3.2390263e+00
   3.2547069e+00
   3.2789749e+00
   3.3148785e+00
   3.3645235e+00
   3.4289534e+00
   3.5081048e+00
   3.6008403e+00
   3.7050566e+00
   3.8178568e+00
   3.9357746e+00
   4.0550321e+00
   4.1718128e+00
   4.2825286e+00
   4.3840615e+00
   4.4739633e+00
   4.5505978e+00
   4.6132179e+00
   4.6619724e+00
   4.6978434e+00
   4.7225205e+00
   4.7382225e+00
   4.7474814e+00
   4.7529039e+00
   4.7569304e+00
   4.7616102e+00
   4.7684088e+00
   4.7780654e+00
   4.7905094e+00
   4.8048462e+00
   4.8194112e+00
   4.8318908e+00
   4.8394977e+00
   4.8391902e+00
   4.8279152e+00
   4.8028574e+00
   4.7616760e+00
   4.7027084e+00
   4.6251279e+00
   4.5290412e+00
   4.4155201e+00
   4.2865628e+00
   4.1449908e+00
   3.9942855e+00
   3.8383793e+00
   3.6814146e+00
   3.5274891e+00
   3.3804054e+00
   3.2434424e+00
   3.1191670e+00
   3.0092975e+00
   2.9146302e+00
   2.8350342e+00
   2.7695132e+00
   2.7163288e+00
   2.6731750e+00
   2.6373875e+00
   2.6061729e+00
   2.5768361e+00
   2.5469917e+00
   2.5147380e+00
   2.4787840e+00
   2.4385166e+00
   2.3940059e+00
   2.3459474e+00
   2.2955489e+00
   2.2443724e+00
   2.1941450e+00
   2.1465567e+00
   2.1030617e+00
   2.0647022e+00
   2.0319697e+00
   2.0047169e+00
   1.9821287e+00
   1.9627573e+00
   1.9446164e+00
   1.9253302e+00
   1.9023235e+00
   1.8730371e+00
   1.8351520e+00
   1.7868017e+00
   1.7267575e+00
   1.6545677e+00
   1.5706419e+00
   1.4762699e+00
   1.3735741e+00
   1.2653976e+00
   1.1551361e+00
   1.0465248e+00
   9.4339740e-01
   8.4943397e-01
   7.6791743e-01
   7.0151661e-01
   6.5211266e-01
   6.2068215e-01
   6.0724590e-01
   6.1088721e-01
   6.2983781e-01
   6.6162425e-01
   7.0326312e-01
   7.5148960e-01
   8.0300156e-01
   8.5470038e-01
   9.0391010e-01
   9.4855802e-01
   9.8730326e-01
   1.0196040e+00
   1.0457190e+00
   1.0666452e+00
   1.0839971e+00
   1.0998399e+00
   1.1164903e+00
   1.1363022e+00
   1.1614552e+00
   1.1937643e+00
   1.2345247e+00
   1.2844067e+00
   1.3434087e+00
   1.4108706e+00
   1.4855466e+00
   1.5657307e+00
   1.6494211e+00
   1.7345098e+00
   1.8189804e+00
   1.9010950e+00
   1.9795543e+00
   2.0536159e+00
   2.1231591e+00
   2.1886906e+00
   2.2512893e+00
   2.3124955e+00
   2.3741522e+00
   2.4382149e+00
   2.5065428e+00
   2.5806915e+00
   2.6617251e+00
   2.7500625e+00
   2.8453739e+00
   2.9465370e+00
   3.0516562e+00
   3.1581470e+00
   3.2628767e+00
   3.3623521e+00
   3.4529387e+00
   3.5310938e+00
   3.5935957e+00
   3.6377513e+00
   3.6615646e+00
   3.6638557e+00
   3.6443199e+00
   3.6035243e+00
   3.5428434e+00
   3.4643397e+00
   3.3706012e+00
   3.2645473e+00
   3.1492216e+00
   3.0275865e+00
   2.9023373e+00
   2.7757499e+00
   2.6495742e+00
   2.5249823e+00
   2.4025734e+00
   2.2824347e+00
   2.1642500e+00
   2.0474456e+00
   1.9313571e+00
   1.8154021e+00
   1.6992397e+00
   1.5829039e+00
   1.4668945e+00
   1.3522183e+00
   1.2403759e+00
   1.1332935e+00
   1.0332078e+00
   9.4251203e-01
   8.6357827e-01
   7.9857172e-01
   7.4927356e-01
   7.1692879e-01
   7.0213324e-01
   7.0477052e-01
   7.2400532e-01
   7.5833368e-01
   8.0568613e-01
   8.6357422e-01
   9.2926742e-01
   9.9998480e-01
   1.0730848e+00
   1.1462363e+00
   1.2175570e+00
   1.2857068e+00
   1.3499283e+00
   1.4100326e+00
   1.4663326e+00
   1.5195304e+00
   1.5705708e+00
   1.6204748e+00
   1.6701701e+00
   1.7203336e+00
   1.7712627e+00
   1.8227876e+00
   1.8742336e+00
   1.9244379e+00
   1.9718193e+00
   2.0144955e+00
   2.0504372e+00
   2.0776443e+00
   2.0943300e+00
   2.0990943e+00
   2.0910721e+00
   2.0700414e+00
   2.0364814e+00
   1.9915750e+00
   1.9371542e+00
   1.8755936e+00
   1.8096606e+00
   1.7423352e+00
   1.6766154e+00
   1.6153234e+00
   1.5609301e+00
   1.5154124e+00
   1.4801541e+00
   1.4559004e+00
   1.4427664e+00
   1.4402990e+00
   1.4475843e+00
   1.4633887e+00
   1.4863202e+00
   1.5149934e+00
   1.5481822e+00
   1.5849460e+00
   1.6247172e+00
   1.6673417e+00
   1.7130698e+00
   1.7624985e+00
   1.8164715e+00
   1.8759478e+00
   1.9418521e+00
   2.0149215e+00
   2.0955646e+00
   2.1837480e+00
   2.2789209e+00
   2.3799881e+00
   2.4853340e+00
   2.5928970e+00
   2.7002880e+00
   2.8049431e+00
   2.9042965e+00
   2.9959590e+00
   3.0778853e+00
   3.1485155e+00
   3.2068787e+00
   3.2526479e+00
   3.2861422e+00
   3.3082774e+00
   3.3204679e+00
   3.3244920e+00
