   0.0000000e+00
   0.0000000e+00
   0.0000000e+00
   0.0000000e+00
   0.0000000e+00
   0.0000000e+00
   0.0000000e+00
   0.0000000e+00
   0.0000000e+00
   0.0000000e+00
   0.0000000e+00
   0.0000000e+00
   0.0000000e+00
   0.0000000e+00
   0.0000000e+00
   0.0000000e+00
   0.0000000e+00
   0.0000000e+00
   3.1415900e-03
   3.4557500e-02
   9.1106200e-02
   1.7278800e-01
   2.8274300e-01
   4.1783200e-01
   5.7805300e-01
   7.6654800e-01
   9.8646000e-01
   1.2346500e+00
   1.5111100e+00
   1.8158400e+00
   2.1519900e+00
   2.5195600e+00
   2.9122600e+00
   3.3395100e+00
   3.7950400e+00
   4.2788500e+00
   4.7909300e+00
   5.3344200e+00
   5.9124800e+00
   6.5125200e+00
   7.1408400e+00
   7.8005700e+00
   8.4885800e+00
   9.2017200e+00
   9.9431400e+00
   1.0709700e+01
   1.1504500e+01
   1.2324500e+01
   1.3175800e+01
   1.4049200e+01
   1.4947700e+01
   1.5868200e+01
   1.6813800e+01
   1.7781400e+01
   1.8774200e+01
   1.9785700e+01
   2.0819300e+01
   2.1874900e+01
   2.2946200e+01
   2.4033200e+01
   2.5139000e+01
   2.6260600e+01
   2.7397800e+01
   2.8547600e+01
   2.9710000e+01
   3.0891300e+01
   3.2081900e+01
   3.3288300e+01
   3.4501000e+01
   3.5688500e+01
   3.6863400e+01
   3.8013300e+01
   3.9144200e+01
   4.0253200e+01
   4.1337100e+01
   4.2398900e+01
   4.3435600e+01
   4.4450400e+01
   4.5443100e+01
   4.6407600e+01
   4.7346900e+01
   4.8261100e+01
   4.9147100e+01
   5.0011000e+01
   5.0849800e+01
   5.1660300e+01
   5.2448900e+01
   5.3209100e+01
   5.3944300e+01
   5.4648000e+01
   5.5326600e+01
   5.5980000e+01
   5.6608300e+01
   5.7208400e+01
   5.7783300e+01
   5.8329900e+01
   5.8851400e+01
   5.9344700e+01
   5.9806500e+01
   6.0246300e+01
   6.0654700e+01
   6.1031700e+01
   6.1383600e+01
   6.1704000e+01
   6.1996200e+01
   6.2260100e+01
   6.2495700e+01
   6.2706200e+01
   6.2888400e+01
   6.3042300e+01
   6.3171100e+01
   6.3271700e+01
   6.3347100e+01
   6.3397300e+01
   6.3416200e+01
   6.3409900e+01
   6.3372200e+01
   6.3309400e+01
   6.3215100e+01
   6.3089500e+01
   6.2935500e+01
   6.2750200e+01
   6.2530200e+01
   6.2275800e+01
   6.1986800e+01
   6.1660000e+01
   6.1295600e+01
   6.0893500e+01
   6.0453700e+01
   5.9976100e+01
   5.9467200e+01
   5.8920600e+01
   5.8342500e+01
   5.7729900e+01
   5.7085900e+01
   5.6438700e+01
   5.5822900e+01
   5.5229200e+01
   5.4666800e+01
   5.4129600e+01
   5.3620700e+01
   5.3146300e+01
   5.2700200e+01
   5.2282400e+01
   5.1896000e+01
   5.1541000e+01
   5.1214200e+01
   5.0915800e+01
   5.0648700e+01
   5.0410000e+01
   5.0202600e+01
   5.0029900e+01
   4.9882200e+01
   4.9769100e+01
   4.9687400e+01
   4.9634000e+01
   4.9612000e+01
   4.9621400e+01
   4.9662300e+01
   4.9734500e+01
   4.9838200e+01
   4.9973300e+01
   5.0142900e+01
   5.0344000e+01
   5.0585900e+01
   5.0865500e+01
   5.1182800e+01
   5.1541000e+01
   5.1936800e+01
   5.2370300e+01
   5.2844700e+01
   5.3353700e+01
   5.3900300e+01
   5.4484600e+01
   5.5103500e+01
   5.5757000e+01
   5.6445000e+01
   5.7161300e+01
   5.7912100e+01
   5.8694400e+01
   5.9511200e+01
   6.0356300e+01
   6.1235900e+01
   6.2140700e+01
   6.3073700e+01
   6.4028800e+01
   6.5005800e+01
   6.6004800e+01
   6.7022700e+01
   6.8059400e+01
   6.9115000e+01
   7.0192600e+01
   7.1285900e+01
   7.2394800e+01
   7.3516400e+01
   7.4656800e+01
   7.5816000e+01
   7.6981600e+01
   7.8122000e+01
   7.9243500e+01
   8.0336800e+01
   8.1408100e+01
   8.2454200e+01
   8.3475200e+01
   8.4477400e+01
   8.5448200e+01
   8.6390600e+01
   8.7308000e+01
   8.8197100e+01
   8.9057900e+01
   8.9893500e+01
   9.0700900e+01
   9.1483200e+01
   9.2237100e+01
   9.2962900e+01
   9.3660300e+01
   9.4329400e+01
   9.4967200e+01
   9.5579800e+01
   9.6164100e+01
   9.6723300e+01
   9.7254300e+01
   9.7753800e+01
   9.8228200e+01
   9.8671100e+01
   9.9085800e+01
   9.9472200e+01
   9.9824100e+01
   1.0014800e+02
   1.0044600e+02
   1.0071300e+02
   1.0094900e+02
   1.0115900e+02
   1.0133500e+02
   1.0148000e+02
   1.0159900e+02
   1.0168700e+02
   1.0174400e+02
   1.0177200e+02
   1.0177200e+02
   1.0174000e+02
   1.0168100e+02
   1.0159000e+02
   1.0146700e+02
   1.0131300e+02
   1.0112200e+02
   1.0089500e+02
   1.0063100e+02
   1.0032700e+02
   9.9981200e+01
   9.9597900e+01
   9.9173800e+01
   9.8712000e+01
   9.8212400e+01
   9.7675200e+01
   9.7103500e+01
   9.6494000e+01
   9.5856300e+01
   9.5184000e+01
   9.4480200e+01
   9.3745100e+01
   9.3025700e+01
   9.2337700e+01
   9.1677900e+01
   9.1046500e+01
   9.0440100e+01
   8.9868400e+01
   8.9321700e+01
   8.8803400e+01
   8.8316400e+01
   8.7864000e+01
   8.7446200e+01
   8.7066100e+01
   8.6714200e+01
   8.6396900e+01
   8.6111000e+01
   8.5859700e+01
   8.5642900e+01
   8.5463900e+01
   8.5316200e+01
   8.5200000e+01
   8.5121400e+01
   8.5074300e+01
   8.5058600e+01
   8.5077500e+01
   8.5130900e+01
   8.5212500e+01
   8.5331900e+01
   8.5482700e+01
   8.5674400e+01
   8.5903700e+01
   8.6177000e+01
   8.6494300e+01
   8.6852500e+01
   8.7251400e+01
   8.7691300e+01
   8.8175100e+01
   8.8699700e+01
   8.9262100e+01
   8.9855800e+01
   9.0490400e+01
   9.1159600e+01
   9.1863300e+01
   9.2601600e+01
   9.3377500e+01
   9.4181800e+01
   9.5023700e+01
   9.5894000e+01
   9.6792400e+01
   9.7716100e+01
   9.8661700e+01
   9.9632400e+01
   1.0062200e+02
   1.0163700e+02
   1.0266700e+02
   1.0372000e+02
   1.0478500e+02
   1.0587200e+02
   1.0697400e+02
   1.0809900e+02
   1.0923600e+02
   1.1039200e+02
   1.1155800e+02
   1.1273600e+02
   1.1388600e+02
   1.1501400e+02
   1.1611600e+02
   1.1719400e+02
   1.1824300e+02
   1.1927100e+02
   1.2027300e+02
   1.2124300e+02
   1.2218600e+02
   1.2310300e+02
   1.2399200e+02
   1.2485300e+02
   1.2568300e+02
   1.2648700e+02
   1.2726300e+02
   1.2801000e+02
   1.2872700e+02
   1.2941200e+02
   1.3007100e+02
   1.3070000e+02
   1.3130000e+02
   1.3187100e+02
   1.3241200e+02
   1.3292700e+02
   1.3341100e+02
   1.3386600e+02
   1.3429400e+02
   1.3468900e+02
   1.3505700e+02
   1.3539000e+02
   1.3569200e+02
   1.3596200e+02
   1.3620400e+02
   1.3641400e+02
   1.3660000e+02
   1.3675300e+02
   1.3687900e+02
   1.3697700e+02
   1.3704300e+02
   1.3707700e+02
   1.3708000e+02
   1.3705500e+02
   1.3700200e+02
   1.3691400e+02
   1.3680100e+02
   1.3665300e+02
   1.3647400e+02
   1.3626000e+02
   1.3601200e+02
   1.3572900e+02
   1.3540300e+02
   1.3503500e+02
   1.3463000e+02
   1.3418400e+02
   1.3369700e+02
   1.3317500e+02
   1.3261300e+02
   1.3201600e+02
   1.3138100e+02
   1.3071200e+02
   1.3000800e+02
   1.2927300e+02
   1.2851300e+02
   1.2778100e+02
   1.2708400e+02
   1.2641100e+02
   1.2577400e+02
   1.2516400e+02
   1.2458600e+02
   1.2403900e+02
   1.2352700e+02
   1.2304400e+02
   1.2259100e+02
   1.2217000e+02
   1.2178400e+02
   1.2143500e+02
   1.2112400e+02
   1.2084800e+02
   1.2061200e+02
   1.2040500e+02
   1.2023200e+02
   1.2009400e+02
   1.1998400e+02
   1.1990800e+02
   1.1986400e+02
   1.1985200e+02
   1.1987400e+02
   1.1992400e+02
   1.2000600e+02
   1.2012200e+02
   1.2027000e+02
   1.2045200e+02
   1.2067200e+02
   1.2093200e+02
   1.2123700e+02
   1.2159200e+02
   1.2198800e+02
   1.2243100e+02
   1.2291200e+02
   1.2343600e+02
   1.2399500e+02
   1.2459600e+02
   1.2523000e+02
   1.2590600e+02
   1.2661600e+02
   1.2736000e+02
   1.2814200e+02
   1.2895900e+02
   1.2980700e+02
   1.3068400e+02
   1.3158600e+02
   1.3251200e+02
   1.3346100e+02
   1.3443200e+02
   1.3542500e+02
   1.3643300e+02
   1.3746700e+02
   1.3851600e+02
   1.3958700e+02
   1.4067400e+02
   1.4178000e+02
   1.4289800e+02
   1.4403600e+02
   1.4519200e+02
   1.4636000e+02
   1.4753900e+02
   1.4868800e+02
   1.4981300e+02
   1.5091300e+02
   1.5199000e+02
   1.5303600e+02
   1.5405700e+02
   1.5504700e+02
   1.5600800e+02
   1.5693800e+02
   1.5784300e+02
   1.5871600e+02
   1.5956500e+02
   1.6038500e+02
   1.6117000e+02
   1.6192700e+02
   1.6265300e+02
   1.6334700e+02
   1.6401000e+02
   1.6464800e+02
   1.6525700e+02
   1.6583500e+02
   1.6638500e+02
   1.6690300e+02
   1.6739000e+02
   1.6784900e+02
   1.6827300e+02
   1.6866600e+02
   1.6902100e+02
   1.6934800e+02
   1.6964000e+02
   1.6990700e+02
   1.7014200e+02
   1.7035000e+02
   1.7053200e+02
   1.7068900e+02
   1.7081100e+02
   1.7090900e+02
   1.7097800e+02
   1.7101600e+02
   1.7102800e+02
   1.7101600e+02
   1.7097800e+02
   1.7091200e+02
   1.7081800e+02
   1.7069800e+02
   1.7054800e+02
   1.7036500e+02
   1.7014900e+02
   1.6990000e+02
   1.6961800e+02
   1.6929400e+02
   1.6896100e+02
   1.6866000e+02
   1.6838900e+02
   1.6814700e+02
   1.6794300e+02
   1.6777400e+02
   1.6763500e+02
   1.6752500e+02
   1.6743400e+02
   1.6734600e+02
   1.6727400e+02
   1.6721800e+02
   1.6717400e+02
   1.6713900e+02
   1.6712300e+02
   1.6712600e+02
   1.6714200e+02
   1.6715500e+02
   1.6717400e+02
   1.6719900e+02
   1.6722100e+02
   1.6723300e+02
   1.6723600e+02
   1.6722700e+02
   1.6720800e+02
   1.6718300e+02
   1.6716400e+02
   1.6718000e+02
   1.6724000e+02
   1.6733700e+02
   1.6747500e+02
   1.6765700e+02
   1.6788000e+02
   1.6815100e+02
   1.6846800e+02
   1.6883500e+02
   1.6924700e+02
   1.6969900e+02
   1.7019300e+02
   1.7072400e+02
   1.7129200e+02
   1.7189800e+02
   1.7253900e+02
   1.7321800e+02
   1.7392800e+02
   1.7467300e+02
   1.7544800e+02
   1.7625300e+02
   1.7708500e+02
   1.7794000e+02
   1.7882300e+02
   1.7972700e+02
   1.8065400e+02
   1.8160600e+02
   1.8258000e+02
   1.8357600e+02
   1.8459400e+02
   1.8563000e+02
   1.8668300e+02
   1.8775700e+02
   1.8884100e+02
   1.8990000e+02
   1.9093300e+02
   1.9194200e+02
   1.9292500e+02
   1.9388000e+02
   1.9480700e+02
   1.9570500e+02
   1.9657600e+02
   1.9742100e+02
   1.9824100e+02
   1.9903200e+02
   1.9979600e+02
   2.0053100e+02
   2.0123200e+02
   2.0190700e+02
   2.0254800e+02
   2.0316000e+02
   2.0374500e+02
   2.0430100e+02
   2.0482900e+02
   2.0532500e+02
   2.0579000e+02
   2.0622700e+02
   2.0663200e+02
   2.0700900e+02
   2.0735800e+02
   2.0767800e+02
   2.0796700e+02
   2.0823400e+02
   2.0846700e+02
   2.0866800e+02
   2.0883700e+02
   2.0897200e+02
   2.0907300e+02
   2.0914200e+02
   2.0918000e+02
   2.0918300e+02
   2.0915800e+02
   2.0910100e+02
   2.0901600e+02
   2.0890000e+02
   2.0874600e+02
   2.0855800e+02
   2.0833200e+02
   2.0806800e+02
   2.0776300e+02
   2.0742000e+02
   2.0703700e+02
   2.0661000e+02
   2.0614500e+02
   2.0564200e+02
   2.0509900e+02
   2.0452100e+02
   2.0390800e+02
   2.0326400e+02
   2.0258600e+02
   2.0187200e+02
   2.0112500e+02
   2.0034900e+02
   1.9953800e+02
   1.9870300e+02
   1.9784200e+02
   1.9696200e+02
   1.9605700e+02
   1.9514000e+02
   1.9425400e+02
   1.9339300e+02
   1.9256400e+02
   1.9176300e+02
   1.9099000e+02
   1.9024200e+02
   1.8952600e+02
   1.8883800e+02
   1.8818100e+02
   1.8755900e+02
   1.8696200e+02
   1.8640000e+02
   1.8586900e+02
   1.8537000e+02
   1.8489800e+02
   1.8445500e+02
   1.8404400e+02
   1.8366100e+02
   1.8330900e+02
   1.8298200e+02
   1.8269000e+02
   1.8242600e+02
   1.8219300e+02
   1.8198300e+02
   1.8180400e+02
   1.8166300e+02
   1.8155300e+02
   1.8148000e+02
   1.8144900e+02
   1.8145200e+02
   1.8149000e+02
   1.8156500e+02
   1.8167800e+02
   1.8182600e+02
   1.8201100e+02
   1.8224100e+02
   1.8250800e+02
   1.8281600e+02
   1.8316700e+02
   1.8356300e+02
   1.8399400e+02
   1.8446800e+02
   1.8498300e+02
   1.8553600e+02
   1.8612700e+02
   1.8675200e+02
   1.8741800e+02
   1.8811500e+02
   1.8885100e+02
   1.8961700e+02
   1.9041500e+02
   1.9124400e+02
   1.9209900e+02
   1.9298200e+02
   1.9389000e+02
   1.9482300e+02
   1.9577500e+02
   1.9675200e+02
   1.9774800e+02
   1.9876500e+02
   1.9979900e+02
   2.0085500e+02
   2.0192900e+02
   2.0302200e+02
   2.0412200e+02
   2.0519600e+02
   2.0624900e+02
   2.0727300e+02
   2.0827200e+02
   2.0924300e+02
   2.1018800e+02
   2.1110600e+02
   2.1199500e+02
   2.1285500e+02
   2.1368800e+02
   2.1449200e+02
   2.1527100e+02
   2.1602500e+02
   2.1674800e+02
   2.1744500e+02
   2.1811400e+02
   2.1875500e+02
   2.1937100e+02
   2.1995500e+02
   2.2051100e+02
   2.2103900e+02
   2.2154200e+02
   2.2201600e+02
   2.2245900e+02
   2.2287100e+02
   2.2325400e+02
   2.2360600e+02
   2.2392600e+02
   2.2421500e+02
   2.2447900e+02
   2.2470900e+02
   2.2491000e+02
   2.2507900e+02
   2.2521800e+02
   2.2532400e+02
   2.2539700e+02
   2.2544100e+02
   2.2545300e+02
   2.2543400e+02
   2.2538400e+02
   2.2530600e+02
   2.2519600e+02
   2.2505400e+02
   2.2487500e+02
   2.2466800e+02
   2.2442000e+02
   2.2413400e+02
   2.2381000e+02
   2.2344900e+02
   2.2305000e+02
   2.2260700e+02
   2.2212900e+02
   2.2161100e+02
   2.2105500e+02
   2.2046700e+02
   2.1983900e+02
   2.1917600e+02
   2.1847900e+02
   2.1775000e+02
